156	128	69	72
61	117	140	125
199	49	125	139
133	47	141	180
126	28	180	196
106	14	209	222
103	11	216	235
83	12	248	240
95	14	218	236
88	12	233	239
83	15	237	234
77	19	246	227
70	19	251	235
60	0	265	247
57	32	244	212
50	32	252	209
60	36	233	205
49	34	261	199
37	32	280	202
48	44	238	180
56	35	219	192
53	36	229	186
43	17	249	212
52	14	235	215
54	33	212	188
63	21	220	203
75	26	198	183
64	12	217	210
58	18	221	197
75	20	194	200
53	6	231	218
56	12	227	212
55	5	227	206
58	16	205	182
57	22	206	181
65	41	158	154
68	51	151	143
72	43	145	152
74	49	142	146
68	46	170	150
77	38	152	157
74	44	159	150
86	51	140	138
93	48	139	143
99	60	133	127
112	67	112	117
117	66	116	119
127	67	110	119
127	75	109	101
136	71	106	111
140	70	108	111
147	64	110	124
148	61	114	128
150	63	124	125
160	66	114	123
173	59	103	137
173	58	112	138
167	21	136	189
164	6	161	218
164	0	178	220
171	0	170	225
178	11	148	204
177	16	149	203
182	12	146	211
185	19	155	203
192	28	141	185
218	52	123	167
201	58	119	189
22	36	187	174
244	0	102	94
215	78	97	109
78	0	157	148
128	117	218	143
172	106	174	154
181	101	145	159
188	63	98	159
168	65	110	153
144	85	141	133
141	86	141	125
139	84	140	128
140	85	146	125
140	81	148	130
150	67	164	138
144	61	172	151
126	64	187	148
116	60	193	148
97	47	234	170
93	43	236	179
84	24	254	198
83	23	251	198
78	28	258	186
55	33	269	181
64	36	252	175
63	32	263	185
54	26	268	194
61	16	253	210
40	26	275	192
31	1	300	237
32	0	279	217
23	4	289	227
30	0	275	221
30	0	268	225
38	0	232	216
46	0	232	220
48	0	214	213
35	0	251	195
38	0	253	189
35	8	259	199
15	0	253	181
19	0	243	201
6	0	265	161
2	0	252	161
8	0	226	114
66	0	208	114
62	12	238	187
72	40	234	173
58	0	258	158
23	0	251	159
70	0	227	113
27	0	242	153
80	38	244	176
82	0	264	193
83	53	227	179
0	21	169	168
0	31	159	177
0	31	152	185
59	66	129	133
51	70	146	128
63	68	141	136
78	71	141	121
84	70	140	126
93	69	139	126
90	62	156	143
103	68	151	146
115	58	160	160
111	48	178	166
134	45	149	168
155	50	132	156
169	58	115	139
158	9	153	221
150	7	168	223
163	23	154	208
156	1	173	231
201	22	136	173
233	59	112	132
275	43	71	134
270	48	76	132
231	52	105	158
173	19	145	223
0	56	192	195
0	27	243	198
0	26	181	193
89	51	208	181
177	64	142	145
172	34	166	194
164	39	171	179
164	46	172	165
155	44	186	173
157	54	177	154
134	55	205	153
130	58	197	147
125	43	221	174
130	37	216	181
106	49	230	158
121	30	223	186
123	34	208	175
117	22	228	200
114	36	213	175
100	25	241	192
95	19	236	204
96	23	233	200
105	41	215	161
116	36	203	171
115	48	175	147
102	35	209	171
112	48	180	144
87	35	212	165
0	62	204	176
0	44	197	185
0	43	188	184
0	35	98	170
121	65	93	124
90	33	170	155
0	35	105	168
119	59	97	138
0	36	170	168
0	53	161	172
0	41	77	154
0	34	44	134
0	56	57	127
0	68	34	113
7	68	76	109
0	115	82	130
0	89	44	117
0	66	28	105
0	57	41	102
0	61	50	106
0	0	52	128
73	86	55	90
63	45	117	136
62	32	145	168
59	26	171	182
62	0	210	214
71	45	154	173
75	40	161	184
83	0	202	198
86	68	160	160
91	68	152	152
98	77	149	138
93	70	169	154
111	78	159	141
120	83	157	136
125	73	156	145
118	51	181	180
124	23	188	196
144	21	169	201
150	41	156	189
142	51	149	181
173	65	112	154
203	66	123	121
215	81	110	124
70	0	156	146
0	121	174	139
38	11	227	201
0	58	178	193
25	11	262	200
0	0	170	153
0	0	134	151
31	23	202	202
6	31	282	190
0	0	168	151
0	60	139	191
0	40	79	158
23	32	137	221
0	0	148	152
31	31	219	193
186	49	160	145
173	64	133	127
161	35	173	168
164	57	155	133
147	59	168	139
148	52	171	140
148	53	165	135
127	57	178	148
149	55	148	135
130	29	195	176
149	44	169	157
147	38	168	163
142	38	184	168
140	32	183	154
122	39	189	160
104	47	212	157
163	54	183	146
122	32	189	175
0	64	186	178
111	44	169	148
0	44	192	188
0	15	157	188
97	45	160	149
0	28	201	190
82	31	206	154
0	35	103	168
107	59	99	134
0	42	160	185
0	26	87	160
137	0	93	92
90	19	171	118
0	18	169	174
0	47	84	143
130	0	86	90
92	30	170	110
51	24	218	169
68	20	232	180
66	19	243	183
0	3	161	175
0	76	138	155
50	25	139	161
31	2	211	205
36	0	226	215
45	0	210	211
41	5	199	203
35	0	223	213
42	0	216	212
55	1	196	212
71	37	153	173
62	29	180	177
70	47	169	166
68	56	186	163
74	50	183	164
72	69	188	149
83	78	175	130
107	78	165	126
116	63	168	139
128	60	164	143
145	65	148	136
155	65	139	142
165	70	127	131
178	67	113	133
10	0	197	146
155	111	168	149
121	98	183	162
232	0	114	148
132	0	141	101
210	66	107	112
193	110	140	150
257	0	89	152
207	28	123	134
23	58	154	147
0	42	178	169
18	30	256	195
0	52	182	173
21	25	255	204
0	29	188	189
47	32	265	190
0	47	182	186
0	16	170	178
26	33	244	187
203	60	139	127
182	59	144	138
177	38	159	166
167	38	157	156
146	40	180	161
146	39	183	164
135	31	205	170
123	23	219	185
152	40	171	147
145	35	177	159
142	21	186	172
148	32	173	148
126	22	202	180
139	33	178	150
132	34	185	151
111	20	206	176
100	43	199	143
103	38	195	142
99	37	191	145
99	36	188	145
85	25	220	165
94	28	178	156
77	24	213	170
78	29	213	160
83	24	183	161
0	28	191	184
70	21	207	174
0	37	111	163
90	23	118	166
0	26	175	183
0	39	170	185
50	4	226	179
41	0	252	177
50	21	248	179
61	22	234	177
0	42	99	158
0	3	93	179
0	64	58	138
0	0	63	145
69	43	77	115
75	13	123	139
76	0	154	168
0	6	169	193
0	6	150	201
79	30	131	151
79	40	147	150
81	40	158	153
84	45	168	143
84	49	176	142
77	62	180	127
70	48	198	149
70	44	216	153
69	54	221	155
80	46	223	169
103	46	207	166
107	24	212	184
138	8	183	195
138	17	185	195
143	0	181	213
141	20	191	196
177	38	141	166
207	39	109	143
236	67	109	119
76	18	123	142
0	119	153	141
31	46	214	199
0	0	179	163
0	79	85	144
21	47	155	205
0	57	92	155
25	31	159	222
0	44	89	150
25	35	144	216
15	28	238	198
0	35	184	176
9	53	256	177
200	51	146	118
205	52	131	136
173	31	168	165
153	27	193	165
148	32	196	158
106	31	235	163
121	18	225	175
126	22	220	165
117	4	229	187
120	0	226	200
127	0	215	196
134	0	209	190
129	0	211	202
111	1	234	192
103	9	235	180
105	15	226	175
118	9	203	166
108	2	214	183
159	0	187	153
101	5	208	198
87	21	235	200
102	0	217	190
100	31	217	189
94	1	238	182
67	0	242	161
0	27	182	190
78	3	236	181
0	34	163	198
0	18	129	180
78	0	172	170
49	0	239	166
44	0	244	160
36	0	250	160
41	0	246	175
41	0	263	189
0	105	168	155
0	53	158	157
0	43	155	181
0	18	140	202
0	21	138	199
0	5	143	221
0	6	148	217
0	0	151	216
69	68	146	157
73	65	149	159
85	80	150	139
89	81	148	131
77	65	164	153
84	64	168	165
103	78	152	147
109	85	158	146
108	74	184	175
126	74	175	172
117	61	198	188
115	61	216	190
157	70	171	174
200	63	128	185
218	102	106	143
236	110	92	139
245	107	89	128
268	166	68	94
308	82	38	77
280	123	40	72
206	67	77	95
191	3	155	168
91	14	226	190
46	30	286	193
6	32	282	189
26	32	282	188
21	27	292	200
25	22	277	210
12	30	268	195
0	28	174	189
0	0	149	151
42	39	200	209
180	50	146	179
180	49	152	178
195	74	117	141
191	76	113	133
176	72	134	135
174	74	125	127
181	87	110	104
177	87	107	102
163	86	125	103
163	85	108	98
149	76	111	111
129	70	150	115
104	40	242	169
80	42	266	158
87	45	259	152
69	32	277	179
80	28	266	186
67	37	255	158
72	18	274	195
75	13	271	201
76	0	269	216
76	0	263	214
83	13	234	196
88	10	239	204
98	11	221	207
94	9	208	196
102	19	193	177
90	0	206	189
85	22	207	168
76	0	223	189
68	26	233	166
73	5	239	180
72	20	236	180
0	57	97	157
146	0	98	89
107	20	154	117
0	101	182	156
0	51	90	166
53	79	71	111
46	69	86	114
45	56	105	147
45	18	151	175
34	2	209	197
29	0	229	210
42	0	220	213
0	32	152	201
0	55	155	168
60	84	118	125
59	84	122	124
57	82	127	133
73	92	118	129
80	85	119	134
90	100	122	121
92	102	128	119
90	103	135	120
110	111	124	113
123	111	123	118
123	112	129	122
135	105	126	130
142	108	128	139
143	97	140	154
143	84	146	166
146	60	149	188
161	48	146	200
168	40	147	213
170	40	154	214
169	3	173	234
170	18	167	233
170	52	166	208
202	44	108	166
203	52	106	176
201	78	110	182
201	81	112	179
192	52	129	206
180	48	131	212
183	96	116	146
186	97	106	138
180	81	126	151
158	57	155	180
153	70	157	153
157	84	135	129
153	87	134	124
142	89	135	118
144	81	136	116
141	82	129	109
135	71	144	117
126	67	136	120
102	56	185	133
81	38	258	163
75	34	271	171
71	25	275	183
71	36	250	152
65	7	281	203
67	0	279	215
62	0	284	217
73	0	260	213
72	0	254	211
88	0	239	215
81	5	233	204
105	12	198	188
91	36	230	178
92	26	201	168
0	63	173	181
0	58	88	152
136	0	90	94
72	8	177	147
53	0	229	196
41	0	241	202
44	0	225	202
41	13	217	183
40	1	228	211
43	0	241	222
43	2	221	218
49	13	210	197
43	9	223	214
57	13	217	210
57	9	217	221
72	27	182	204
63	31	205	199
72	30	197	206
75	34	195	202
80	36	195	199
100	78	158	135
98	57	173	178
104	52	184	187
110	55	182	183
119	62	178	171
133	68	162	154
148	67	153	156
137	39	182	199
149	41	176	196
150	37	171	201
146	35	182	206
163	29	180	206
171	60	134	157
220	79	121	122
206	73	106	135
191	48	135	181
188	109	158	151
211	106	135	154
275	70	71	142
274	57	67	128
246	84	61	123
235	90	78	122
211	106	121	154
38	0	174	153
0	0	155	151
30	9	217	205
0	62	89	146
24	37	149	212
0	0	151	150
31	10	217	203
0	54	177	174
27	45	248	188
158	81	120	106
176	83	120	107
167	74	133	124
152	43	188	161
140	32	191	178
115	16	231	208
105	12	241	219
96	33	244	191
82	16	261	216
79	37	241	188
64	18	277	210
73	24	255	197
63	28	253	202
48	41	263	180
44	36	269	189
18	26	307	206
37	21	261	220
45	23	253	213
23	22	253	220
5	15	284	220
30	25	230	203
21	26	232	196
16	29	230	191
12	23	235	205
35	39	204	173
35	45	181	180
7	19	220	182
3	42	231	172
0	17	252	188
11	19	242	184
0	0	159	153
70	7	225	206
0	33	123	154
51	13	139	165
24	33	202	164
60	6	286	235
21	12	272	208
36	0	253	209
41	5	260	218
30	61	117	136
57	80	83	110
62	83	94	109
74	94	99	100
89	96	96	104
99	102	97	97
110	104	102	98
125	105	99	96
138	107	98	92
152	108	91	91
165	106	88	92
175	106	84	91
183	102	85	93
193	85	83	109
196	59	94	137
196	29	112	174
204	42	100	156
207	37	109	164
234	66	106	120
220	63	69	146
215	67	81	131
244	48	102	130
214	70	77	131
212	59	100	156
239	61	102	128
252	43	92	136
222	64	77	142
209	90	135	170
41	70	171	171
0	3	176	177
29	35	239	185
0	44	87	150
38	39	141	210
0	43	84	153
0	17	95	184
26	10	170	204
0	46	86	149
19	27	148	203
0	121	162	139
0	48	69	147
0	28	81	182
25	24	154	208
193	63	131	124
2	60	173	150
0	65	74	143
32	28	133	207
172	61	134	129
161	28	142	157
0	62	123	145
50	101	155	159
164	55	166	139
121	37	182	159
115	22	202	177
122	43	175	155
0	49	195	182
109	50	182	146
99	40	194	161
85	34	210	172
83	34	209	176
78	32	215	180
86	33	189	172
62	21	225	195
63	25	217	185
47	11	243	220
42	9	245	221
46	20	242	196
43	36	220	170
42	41	216	164
40	38	206	173
0	61	156	152
59	62	91	126
66	70	79	112
65	72	83	99
70	68	81	101
80	70	82	97
79	65	88	102
86	66	95	102
94	67	92	101
101	68	93	102
115	64	87	105
123	62	90	106
130	63	94	104
142	67	89	105
155	71	89	108
163	73	95	106
180	73	86	110
186	73	93	113
23	0	139	85
96	66	149	141
0	56	102	161
22	44	164	197
0	50	161	184
0	87	146	172
0	53	138	175
0	65	131	181
0	48	125	185
0	30	129	188
0	29	131	194
27	9	223	205
0	28	91	151
30	32	170	210
273	48	73	119
226	41	108	136
229	41	104	131
239	35	99	136
232	35	103	146
232	42	93	132
222	32	115	154
221	37	107	142
216	36	117	144
209	28	126	158
207	45	120	122
179	29	159	166
183	31	150	147
174	21	161	173
174	31	170	152
174	28	156	161
148	15	184	186
151	34	177	147
120	20	219	183
121	36	197	154
110	19	227	175
93	19	243	187
85	8	247	197
78	18	242	180
70	21	250	182
78	21	234	183
70	4	245	202
66	33	222	162
54	21	243	186
63	12	233	190
59	11	235	189
56	14	229	193
54	6	242	208
46	7	228	194
49	12	233	188
0	58	103	155
72	36	108	158
63	11	166	186
42	2	245	183
31	8	217	196
0	47	154	170
55	10	130	183
44	0	178	186
0	32	162	179
70	53	89	126
78	70	78	98
76	67	91	96
71	63	109	105
85	66	107	103
83	59	114	110
94	59	115	107
84	48	131	113
99	51	130	116
108	48	134	112
112	51	131	115
128	51	124	119
143	42	108	125
138	41	122	136
160	43	120	125
168	45	112	134
172	32	109	145
179	50	105	137
192	63	90	121
202	60	87	118
46	141	141	114
11	88	215	169
106	102	219	158
0	35	166	181
0	55	88	160
28	21	164	213
0	61	94	149
21	22	159	212
0	0	152	150
0	67	138	177
29	30	218	196
0	0	164	147
0	32	141	184
28	15	213	195
0	32	90	141
33	24	149	194
0	119	171	141
0	17	129	184
22	19	205	183
242	37	104	115
207	26	133	170
224	54	122	134
192	35	135	163
188	36	143	145
158	31	181	165
180	44	159	145
158	24	166	168
142	24	193	178
135	18	203	183
124	19	208	174
137	27	175	155
118	6	202	203
109	10	214	196
96	12	230	197
86	23	230	184
77	22	234	178
77	25	222	176
72	28	231	173
55	0	260	209
56	9	239	205
47	2	254	206
54	0	237	202
49	0	239	206
43	0	247	211
25	0	256	198
28	7	236	190
22	0	247	207
32	4	233	204
27	4	231	194
46	22	227	196
0	26	172	161
0	29	133	181
0	10	126	194
59	50	111	137
0	16	138	190
0	28	147	176
64	60	111	122
52	57	124	128
60	62	119	122
57	54	124	130
72	70	122	115
66	70	137	122
72	57	155	145
74	23	216	188
81	14	210	202
93	18	205	197
106	25	200	191
126	42	171	169
132	14	180	194
154	20	162	182
131	0	193	168
166	33	164	178
166	13	151	194
234	4	112	148
73	0	155	132
189	69	139	130
267	42	79	139
153	106	107	137
190	76	139	123
142	91	157	169
134	25	212	203
174	24	172	207
200	63	143	145
166	38	165	169
161	21	174	198
121	33	190	200
154	32	186	154
155	7	181	197
173	35	157	170
164	8	164	172
163	32	157	153
146	9	174	188
178	31	168	157
143	14	187	182
166	19	180	150
147	14	173	162
179	17	167	154
0	41	140	156
0	65	65	141
18	38	123	192
0	21	135	175
0	0	122	149
0	5	107	162
0	34	106	172
0	36	110	179
0	62	64	146
20	41	120	186
0	36	129	178
0	0	120	150
0	55	68	140
19	36	133	204
0	0	135	148
0	36	122	167
0	60	65	152
15	41	143	214
0	80	83	143
33	55	138	191
173	50	137	120
0	46	155	146
0	0	126	152
18	18	192	174
217	44	129	132
70	45	173	180
187	56	159	139
11	0	197	152
187	28	140	132
189	40	113	141
167	5	157	179
166	20	153	175
178	32	139	153
184	24	136	175
188	20	126	178
201	53	98	134
208	51	93	141
208	62	92	138
220	65	73	141
216	60	96	136
228	62	81	127
219	93	123	167
55	22	168	170
21	33	248	189
22	42	250	202
0	44	97	151
32	37	170	214
0	43	99	151
32	27	164	204
0	49	91	143
30	26	154	204
0	63	85	145
13	34	155	219
0	81	88	142
29	49	144	199
0	78	81	146
27	44	152	210
0	64	171	182
0	15	159	184
0	34	163	180
0	118	144	142
0	58	117	173
0	48	112	186
0	119	119	141
0	55	110	167
0	12	58	154
21	20	124	163
118	106	153	154
185	47	161	127
172	0	158	163
193	42	153	138
149	37	139	149
117	15	209	183
116	0	213	188
119	0	215	194
106	0	220	190
165	16	181	158
0	11	133	158
140	49	108	121
0	46	127	143
152	0	102	145
105	12	180	139
0	43	94	155
0	65	50	139
0	51	35	126
13	48	79	131
0	15	90	168
115	53	81	107
0	49	174	160
0	61	81	149
0	45	84	187
0	63	54	146
0	48	38	132
12	46	88	135
0	10	85	189
58	55	99	143
0	11	109	195
86	86	144	174
0	32	196	181
99	94	215	166
95	37	189	157
89	31	201	181
89	28	203	182
126	59	133	133
106	62	143	155
115	39	190	163
146	56	158	135
157	44	154	133
137	80	195	180
147	67	121	146
156	85	186	175
186	63	129	124
201	57	97	136
34	5	180	176
0	0	166	150
0	79	80	145
17	48	149	204
0	0	146	150
34	25	202	207
0	45	94	149
32	24	160	209
0	21	179	175
27	7	257	210
15	45	262	197
22	47	276	193
0	86	167	170
30	29	219	197
0	48	90	142
26	22	146	213
0	77	87	148
34	17	155	198
0	77	89	149
40	14	154	203
0	0	164	149
11	39	212	176
0	34	173	179
0	66	159	179
11	52	228	181
179	35	167	167
147	29	199	185
135	34	206	177
131	31	197	194
111	15	235	212
90	30	242	197
84	19	250	204
72	28	261	187
51	26	287	192
51	24	277	188
45	25	286	188
56	20	260	195
57	15	259	196
70	12	234	202
67	16	225	180
43	3	255	206
58	0	238	206
75	3	196	193
68	0	210	184
50	0	232	197
52	0	225	196
56	0	203	186
57	0	208	207
0	40	190	189
48	0	227	173
39	0	250	159
61	0	259	194
0	22	101	166
104	0	120	149
0	22	195	174
0	52	176	192
0	29	188	178
0	8	191	196
62	0	178	175
51	0	220	186
72	20	164	157
53	0	228	189
63	6	199	188
73	8	198	185
64	0	226	214
89	17	177	175
93	19	195	177
84	18	214	191
91	29	202	174
104	41	188	154
107	22	210	193
104	14	232	201
148	45	167	152
162	50	157	139
173	61	128	126
181	54	128	142
181	52	129	144
175	91	170	169
214	77	127	128
241	49	105	125
259	45	84	127
128	0	121	135
284	69	62	109
255	65	75	113
207	90	109	170
273	44	73	140
234	48	72	177
251	47	92	127
235	60	72	140
234	49	86	146
242	30	104	156
241	47	105	124
223	55	87	130
246	46	100	124
224	48	94	128
222	37	103	135
215	37	114	151
216	49	100	130
211	51	99	134
192	24	135	166
182	15	160	180
183	49	134	137
155	35	172	163
152	52	152	135
139	38	183	156
135	29	203	174
128	17	212	192
121	14	222	202
97	26	237	184
108	24	213	184
103	21	232	190
86	14	254	206
84	12	247	212
69	15	259	204
71	16	244	204
55	24	270	195
50	34	250	174
41	20	258	201
36	16	267	208
38	32	232	178
35	19	259	200
31	22	246	194
38	12	258	212
45	13	240	201
49	26	225	180
47	14	207	183
51	24	191	165
52	16	217	182
49	12	204	193
42	17	234	184
36	18	245	183
37	37	246	181
0	59	111	146
47	93	140	167
0	53	154	172
0	24	132	196
53	54	96	152
64	66	81	123
66	75	72	99
69	83	74	79
69	89	79	73
72	91	83	73
76	94	86	72
79	98	88	71
87	98	84	74
94	98	87	76
103	102	86	76
113	103	79	81
121	106	82	78
130	105	80	83
140	105	80	84
149	105	79	83
156	107	77	87
163	105	77	93
176	109	75	96
189	116	63	85
66	23	109	107
11	13	192	156
0	15	169	184
0	35	149	178
0	43	72	152
22	27	138	194
0	0	137	147
36	23	193	201
0	84	178	170
0	118	159	142
35	26	216	205
201	90	145	133
179	65	135	138
175	69	129	134
173	74	115	123
171	70	141	126
165	77	123	110
160	76	107	108
154	72	141	114
153	65	144	120
144	49	180	147
138	38	192	161
123	23	223	188
132	36	209	165
125	29	217	177
131	51	194	142
116	37	201	158
102	40	226	161
97	36	235	166
83	25	250	185
78	34	242	173
65	29	257	182
63	29	253	182
60	42	235	157
62	34	250	171
47	36	248	168
39	32	255	171
56	28	223	178
51	28	239	180
34	15	254	204
35	20	243	183
41	25	228	180
24	10	250	203
22	0	250	214
22	0	247	213
29	11	227	193
22	11	219	194
23	0	238	197
21	27	211	165
44	1	240	187
0	52	150	141
0	26	128	183
0	13	122	193
54	48	86	145
55	57	87	115
55	55	90	110
66	52	82	104
70	60	83	89
67	59	96	89
71	60	105	88
72	53	111	102
80	57	113	94
82	56	117	100
84	57	123	103
93	57	124	105
98	55	134	115
104	60	128	112
112	58	134	118
112	56	138	127
104	56	158	130
120	82	129	104
135	62	130	128
109	56	162	141
123	79	133	120
123	72	150	133
126	58	131	139
0	0	175	146
0	65	140	183
0	62	67	146
9	36	134	196
0	120	133	140
18	45	191	184
247	50	99	142
191	49	113	164
194	76	95	130
182	47	134	153
185	44	132	149
176	28	161	168
205	40	141	137
178	23	143	163
176	21	153	161
178	6	157	176
178	45	159	159
155	37	152	139
171	7	175	173
183	2	160	182
182	7	154	174
192	30	154	162
194	0	152	148
151	4	177	181
143	0	203	168
128	0	205	172
124	0	212	181
124	1	209	186
108	12	188	156
92	0	229	183
83	3	214	175
95	8	183	167
65	0	242	191
73	0	207	183
63	4	218	177
47	0	250	198
41	0	245	196
34	0	243	195
41	4	217	174
28	0	242	187
36	0	222	186
46	0	208	178
31	0	232	181
22	0	246	160
26	3	240	183
18	0	248	161
95	12	251	199
4	0	248	161
0	0	253	160
0	0	256	158
13	0	245	156
48	16	239	184
54	11	258	199
56	8	251	204
38	0	264	198
37	2	260	216
30	0	266	189
41	15	244	190
38	3	252	184
67	19	261	185
63	3	250	183
0	46	169	150
82	51	119	130
93	49	122	136
97	46	129	141
99	46	142	139
100	40	156	149
112	45	155	141
119	40	163	153
124	43	168	149
127	40	169	156
119	27	188	174
104	8	218	195
133	6	190	194
128	29	175	180
142	21	161	175
147	17	166	182
143	0	182	203
138	50	175	169
148	56	173	159
167	56	145	160
176	56	138	154
161	49	161	167
172	38	160	164
161	52	172	150
160	27	183	184
159	27	173	180
147	19	199	185
149	13	197	193
135	0	211	202
126	3	220	195
132	0	214	197
123	0	223	204
124	0	222	202
116	0	229	203
127	0	216	194
103	10	224	186
121	0	223	201
109	7	228	188
90	0	251	203
84	0	254	203
91	1	239	202
90	14	212	170
91	11	208	179
74	2	234	192
68	0	249	198
70	14	219	172
76	12	203	180
66	6	239	191
77	0	219	187
66	4	237	181
44	10	233	188
64	10	213	167
46	0	237	189
56	7	218	171
77	0	264	158
45	24	213	170
21	0	249	162
30	0	233	188
25	0	243	171
26	0	241	175
21	1	247	188
0	0	257	162
0	0	240	159
8	0	223	113
8	0	207	111
0	0	202	149
0	0	218	160
70	14	276	193
0	0	157	149
56	38	175	173
0	0	257	158
6	0	255	157
37	2	263	209
37	0	263	212
31	6	251	199
54	23	142	161
65	44	123	147
53	47	141	151
50	57	155	137
57	55	143	131
65	66	155	130
66	70	155	131
52	67	175	141
62	57	166	149
74	62	145	143
65	71	158	139
76	69	156	139
82	62	154	147
81	59	164	149
89	47	184	151
78	2	217	200
93	5	231	201
97	23	207	193
123	48	128	181
182	29	164	132
33	37	176	173
0	0	158	150
80	44	140	166
161	43	164	136
144	39	183	166
140	54	175	126
129	42	199	149
127	50	195	131
99	36	227	156
103	19	224	178
88	26	243	170
85	17	253	181
88	19	239	178
87	8	249	195
75	21	248	179
74	16	250	182
81	18	234	177
73	13	238	183
59	4	251	202
63	0	249	210
68	0	219	203
56	0	240	202
47	0	236	197
48	0	234	188
55	0	229	188
66	0	210	188
53	0	229	165
51	0	236	165
75	0	270	156
53	0	216	183
35	0	236	193
34	0	238	195
30	0	237	200
85	28	261	199
84	9	262	204
69	4	268	213
0	29	152	189
59	6	209	211
28	0	246	157
89	16	257	190
77	0	265	158
82	37	256	180
76	33	250	190
79	0	263	159
0	24	111	162
74	0	142	154
0	5	185	189
58	0	194	157
42	0	236	175
50	0	228	167
56	0	219	162
69	0	203	154
76	0	193	163
82	0	186	176
97	1	182	169
109	11	166	158
128	28	134	137
141	31	122	136
155	39	110	132
164	40	106	129
179	31	100	133
194	46	94	116
202	50	89	109
210	53	74	108
220	56	66	106
226	65	66	88
228	72	67	82
232	69	62	91
266	63	75	99
230	88	98	151
211	0	135	162
230	45	116	130
248	23	98	142
274	0	72	142
226	61	67	91
217	78	116	139
34	49	139	144
0	30	136	190
0	58	70	154
19	15	138	198
0	0	140	151
0	41	66	155
21	23	127	194
34	49	208	211
171	21	175	143
150	27	173	146
141	35	166	134
130	38	164	134
116	40	170	129
109	40	170	132
91	44	175	131
88	41	178	138
88	29	196	154
68	35	204	158
54	23	239	183
48	19	244	186
28	28	248	163
37	22	230	168
30	12	248	179
15	11	263	178
30	0	269	197
19	0	283	203
36	0	242	194
44	0	243	194
33	0	229	174
32	0	229	170
32	0	258	159
33	0	230	177
35	0	250	158
65	23	271	209
84	30	262	194
93	36	253	182
24	0	249	160
68	12	237	195
50	0	226	111
18	0	223	108
32	0	237	150
77	25	243	203
55	0	189	155
0	9	163	187
60	0	150	165
54	0	174	178
47	0	193	187
55	0	197	192
74	21	158	165
90	46	135	141
95	49	140	136
103	52	136	138
110	62	136	126
119	72	143	118
129	82	126	107
144	65	125	134
146	74	134	126
157	66	126	135
155	54	140	156
164	44	140	173
170	53	138	159
177	49	135	159
207	44	101	163
217	73	81	125
227	70	75	137
231	80	71	125
239	83	70	118
243	81	71	115
262	68	84	108
256	51	86	138
245	56	95	138
254	78	92	130
281	50	65	129
248	100	83	160
236	88	70	109
220	107	112	153
241	68	105	107
257	72	89	135
208	106	116	154
32	0	181	153
0	19	160	180
0	61	77	147
9	21	148	215
0	122	160	138
0	68	72	141
19	31	142	207
0	60	83	149
33	28	137	200
169	67	139	139
139	47	190	165
137	29	204	188
123	30	220	187
110	42	216	173
104	36	232	188
89	31	243	194
80	27	259	204
73	41	247	179
67	27	254	211
56	39	265	185
46	44	260	180
40	43	273	177
20	29	290	201
20	22	288	210
15	24	272	201
25	23	252	196
10	15	271	215
11	22	264	196
36	14	232	209
43	21	213	194
42	23	208	171
36	9	211	198
30	22	227	198
0	0	164	150
0	0	132	152
0	61	64	143
38	66	68	125
44	59	88	126
0	19	101	196
0	43	110	178
44	67	100	131
45	67	102	132
54	73	92	123
56	89	91	106
60	88	101	108
64	98	104	103
69	98	111	104
77	101	112	107
89	109	107	104
97	119	109	99
112	120	107	104
121	118	107	113
134	122	104	111
147	131	99	114
152	137	102	111
160	141	107	114
166	139	107	111
175	150	102	110
194	141	107	108
196	128	112	130
193	118	112	142
206	98	101	162
209	92	98	168
215	75	95	176
209	32	127	156
223	21	123	145
238	134	82	126
225	119	83	106
230	102	98	130
214	100	104	157
216	77	104	169
209	84	108	173
204	71	120	186
194	56	148	196
181	51	165	200
177	57	169	184
171	29	169	215
158	28	181	217
164	41	161	191
156	45	165	179
147	61	167	146
142	60	170	143
128	49	203	160
133	62	168	128
99	40	231	163
82	35	264	172
73	38	269	162
64	45	259	146
53	54	252	129
60	54	218	123
57	25	266	173
62	29	258	170
59	13	259	191
45	14	266	184
48	13	255	186
44	7	256	194
52	0	246	203
51	0	244	210
54	10	239	190
48	0	238	200
53	1	233	202
51	5	236	199
50	0	231	207
59	23	214	190
41	30	245	189
38	0	248	189
36	0	233	187
35	0	229	183
53	0	272	190
35	22	237	175
33	17	232	186
29	0	234	190
45	39	233	173
0	0	165	151
0	59	148	153
0	42	122	186
0	25	125	193
0	38	115	168
50	69	93	119
57	73	87	117
62	78	89	112
64	85	98	105
67	90	105	105
84	93	103	100
94	95	100	104
106	91	101	107
119	91	100	108
130	95	97	105
139	97	96	104
151	99	90	102
160	97	93	101
175	97	82	95
182	96	85	98
195	91	80	98
198	86	87	104
205	79	81	103
208	69	82	115
90	115	150	143
126	93	220	167
103	93	224	167
0	0	167	150
0	78	79	146
22	42	137	190
30	34	218	188
240	59	93	125
215	62	97	139
214	48	96	148
208	37	122	161
210	43	112	145
206	49	101	137
210	50	93	128
198	50	114	128
199	43	114	130
197	48	105	121
192	55	98	104
184	48	118	116
232	48	110	121
181	48	116	117
40	32	190	169
177	18	169	152
205	42	141	138
10	62	174	144
0	0	132	148
0	112	122	148
51	73	135	186
148	19	156	150
0	33	176	182
148	0	184	150
0	22	131	163
96	29	138	153
0	31	185	205
85	3	204	184
68	11	239	188
70	6	208	175
74	5	196	173
61	3	223	193
56	2	218	180
40	0	227	186
50	0	224	185
47	0	207	177
44	6	237	175
40	11	243	196
34	0	226	170
26	0	235	170
91	10	255	203
20	0	248	158
12	0	234	160
34	0	262	194
92	27	254	199
91	33	255	188
19	0	255	157
49	8	258	204
80	30	258	192
36	6	259	204
23	0	216	189
34	0	186	179
32	6	184	186
65	44	111	131
75	64	90	104
83	72	90	96
91	77	91	92
102	82	91	91
112	80	88	94
130	83	81	92
141	78	81	95
151	79	85	95
163	80	81	94
173	81	81	90
189	81	78	92
202	78	73	87
213	80	67	81
217	77	68	80
226	79	66	80
230	79	66	81
114	0	101	88
52	23	158	115
0	59	84	140
23	28	158	228
0	32	174	185
21	30	260	193
0	29	180	189
14	23	246	207
19	50	256	187
20	55	254	178
0	44	92	149
20	32	164	220
22	33	244	187
0	0	165	152
25	28	220	197
0	116	183	144
0	43	83	155
24	37	147	213
0	69	155	171
0	0	133	151
0	30	125	180
0	67	124	175
0	11	70	156
19	21	135	174
11	33	233	211
169	40	177	161
138	31	194	201
134	16	210	199
120	20	226	200
128	21	210	188
114	18	230	194
99	33	231	169
91	26	246	179
101	44	198	143
88	39	218	157
85	38	210	161
75	31	231	171
67	20	243	191
71	12	211	186
71	0	220	210
75	10	225	195
65	0	220	201
70	2	206	184
64	0	212	193
70	6	202	221
81	0	265	156
59	2	251	215
44	0	241	196
41	0	247	200
67	10	265	202
37	7	259	210
0	44	159	184
0	41	81	157
86	26	105	132
58	2	146	165
0	26	173	192
0	13	178	188
52	0	180	192
57	0	192	190
59	0	187	192
66	0	173	194
60	0	209	200
87	27	147	171
77	16	185	192
82	13	170	199
105	24	138	186
115	53	137	139
124	68	125	115
143	81	96	102
155	87	83	88
179	94	55	75
183	97	61	68
185	92	72	73
204	87	55	76
196	86	73	75
218	88	52	68
209	83	74	74
281	0	65	98
243	24	98	118
105	0	141	123
0	59	176	155
0	68	150	176
0	14	139	188
27	10	231	204
0	62	97	146
26	40	151	208
0	0	147	149
41	26	216	203
0	10	91	155
28	26	164	181
0	27	90	151
38	10	162	194
18	50	255	188
18	49	258	189
0	28	176	196
46	32	261	185
193	42	126	118
196	53	114	94
204	55	101	85
200	58	103	83
200	65	81	72
193	54	76	77
183	54	74	79
176	48	80	84
164	42	89	91
156	39	86	97
149	37	84	97
143	33	84	105
134	38	83	100
126	35	86	102
121	34	85	107
114	31	92	107
105	35	97	106
99	31	103	120
74	21	154	146
70	0	231	194
77	0	241	197
74	0	217	185
0	11	164	190
63	0	205	184
58	0	227	184
67	0	210	165
67	0	215	193
40	0	247	160
54	0	215	183
0	16	172	198
0	5	175	201
0	0	176	186
66	17	142	212
0	0	189	184
92	8	110	155
98	23	96	122
107	28	86	104
109	33	86	98
108	39	99	98
116	39	98	101
119	45	105	96
124	49	104	93
140	52	91	89
150	58	87	90
162	60	81	86
166	58	81	87
175	59	80	87
183	63	78	82
189	61	81	84
200	56	73	82
212	52	67	82
218	51	67	82
222	50	63	83
226	50	68	85
232	44	66	90
229	42	70	91
230	43	71	88
233	42	67	87
281	0	65	94
253	23	68	90
248	35	66	85
130	23	100	89
85	39	183	124
20	50	257	187
0	59	99	153
33	36	168	216
31	48	276	193
0	10	90	155
26	33	161	197
0	44	86	150
38	19	140	218
54	32	248	189
0	20	152	175
31	30	213	195
13	28	294	219
196	29	117	115
200	36	108	102
195	34	111	100
188	32	112	101
178	32	118	103
173	33	110	102
170	30	108	103
171	31	101	101
166	30	104	109
156	35	106	104
145	29	101	111
136	34	110	109
130	34	96	111
117	33	102	112
103	32	106	111
96	36	106	114
90	35	109	121
79	35	106	127
73	42	105	124
73	40	107	131
56	34	124	149
0	23	145	192
0	24	135	189
56	47	117	143
60	55	112	134
0	59	81	155
0	62	46	147
81	71	55	99
50	33	91	138
42	16	125	164
38	0	163	181
29	0	214	179
38	12	237	188
36	0	251	191
40	0	221	181
37	4	172	167
56	9	139	159
70	25	107	132
73	38	100	112
78	33	106	114
83	33	110	114
96	41	99	104
100	41	102	105
107	42	93	107
119	46	88	102
127	44	86	102
132	45	85	100
139	41	82	105
144	40	89	105
152	42	89	107
156	49	91	103
159	48	100	109
163	40	107	122
173	47	101	119
178	51	100	114
184	46	108	128
193	51	102	121
195	47	108	130
194	55	109	120
198	50	109	132
188	47	128	138
183	41	143	150
189	51	133	133
193	46	135	148
194	45	144	155
203	49	123	157
197	64	119	132
191	65	117	125
190	68	101	109
184	61	110	119
174	53	112	125
155	51	132	124
145	47	141	121
134	63	137	90
129	56	122	86
114	42	144	102
102	37	157	113
100	27	172	138
84	19	191	155
108	38	167	125
122	39	153	128
115	33	144	133
97	31	168	150
59	20	220	179
24	20	205	172
0	15	165	183
0	29	163	178
0	40	159	156
0	38	148	149
0	42	146	147
0	66	135	138
0	53	136	158
0	83	65	135
0	0	72	158
48	65	67	99
0	69	101	125
0	58	107	154
0	49	115	174
0	40	120	192
48	45	115	151
0	29	138	191
0	48	151	177
61	7	159	170
66	17	176	176
0	14	190	187
68	17	181	185
54	0	219	213
63	12	185	202
61	0	209	213
78	24	180	191
64	0	212	220
0	106	194	154
96	49	156	154
88	52	159	150
0	80	190	171
0	73	170	159
0	59	80	153
0	34	94	181
0	31	121	190
99	41	133	173
