119	168	41	40
113	174	50	44
70	164	97	71
40	134	125	118
36	119	111	106
25	104	111	104
32	107	114	120
42	118	117	120
0	90	147	110
2	89	141	120
0	63	155	162
0	88	176	150
0	77	141	124
0	85	139	134
9	88	127	129
3	83	145	145
47	92	111	121
55	84	110	125
63	76	111	120
67	67	117	121
65	57	116	107
70	53	118	101
81	59	135	90
110	67	107	70
131	60	81	66
144	55	75	63
147	44	75	69
158	39	75	76
169	37	71	74
172	34	72	74
168	25	81	92
174	20	89	103
272	0	74	63
201	52	102	78
99	0	137	105
233	0	113	68
126	0	89	47
110	13	134	94
183	0	147	83
43	0	129	58
107	15	141	125
0	0	171	98
126	22	104	155
0	0	168	206
72	32	209	188
0	0	83	82
22	10	88	103
0	0	78	77
15	0	113	109
169	62	81	144
162	104	57	135
183	129	145	95
180	100	128	160
182	102	144	158
184	79	114	174
148	59	131	178
170	82	110	124
166	64	113	174
176	69	116	147
119	50	196	198
158	41	141	161
142	32	157	193
168	42	134	147
0	0	177	108
183	37	147	160
173	53	117	114
32	0	171	137
0	171	101	89
8	126	125	134
0	157	138	103
153	9	107	123
0	53	133	139
0	0	106	128
98	42	98	138
0	0	129	146
64	0	154	102
0	0	69	68
0	7	79	115
67	1	134	166
0	0	138	138
19	0	161	101
110	36	102	119
0	0	166	133
0	0	122	147
0	0	104	121
0	0	86	111
0	0	80	77
14	0	95	104
92	30	103	150
168	96	125	154
160	78	162	182
181	95	130	164
180	111	158	149
164	71	173	189
196	110	149	150
23	0	175	147
61	0	208	107
0	0	160	119
0	107	136	148
138	51	142	163
108	58	159	134
112	53	155	159
129	42	151	171
114	53	154	166
84	39	214	204
95	52	201	182
73	49	235	205
116	59	174	164
97	42	201	182
123	32	148	174
50	147	159	113
61	158	123	102
48	147	126	104
44	135	129	125
24	106	166	154
13	109	189	151
13	132	209	128
40	129	212	131
110	133	225	127
132	135	196	125
167	158	179	102
232	134	97	90
216	118	120	120
180	42	149	176
230	130	109	103
172	163	109	97
155	151	150	109
199	155	107	105
179	160	87	100
134	139	136	121
135	162	158	98
170	156	132	104
112	168	177	92
65	153	218	107
0	0	209	117
0	129	162	131
12	144	155	116
6	137	147	123
0	121	197	139
0	0	124	145
36	160	147	100
54	176	122	84
172	49	119	101
29	0	198	133
0	0	149	139
0	0	116	135
0	100	106	140
45	141	146	119
0	127	142	133
0	0	114	155
0	103	110	157
37	145	134	115
0	0	135	170
0	87	131	168
0	0	140	150
180	0	117	87
115	0	184	91
91	0	196	83
0	0	182	109
194	0	123	74
98	101	119	84
21	0	169	118
98	91	226	160
104	189	192	71
23	154	236	106
41	97	245	163
28	86	255	174
37	124	213	136
52	134	233	126
25	102	268	158
45	117	245	143
70	112	222	148
76	134	221	126
33	130	256	130
75	112	214	148
43	132	255	128
107	122	203	138
0	0	178	140
30	71	145	175
0	76	175	159
62	35	224	216
208	145	117	106
197	166	71	92
166	159	87	101
153	170	124	90
35	54	164	118
0	0	118	140
0	0	54	77
0	0	65	112
0	32	75	151
95	0	119	193
0	0	139	134
101	25	112	167
104	97	191	163
88	55	128	149
82	50	157	165
111	109	192	151
113	101	172	159
277	198	69	62
221	219	101	41
235	209	111	51
234	214	112	46
244	216	102	44
250	222	96	38
247	225	98	35
257	227	89	33
262	230	84	30
266	232	80	28
277	229	69	31
281	230	65	30
280	230	66	30
286	229	60	31
293	229	53	31
296	227	50	33
298	224	48	36
303	220	43	40
297	221	49	39
283	221	63	39
248	223	89	37
251	209	95	51
225	211	107	49
228	194	118	66
199	190	139	70
205	191	130	69
207	179	139	81
210	176	114	84
202	168	144	92
232	167	114	93
189	175	157	85
187	165	159	95
197	136	149	124
93	141	157	119
88	134	243	126
66	121	255	139
20	129	239	131
53	158	239	102
222	60	124	192
13	0	210	234
202	62	144	198
186	61	160	199
208	101	138	142
57	0	149	138
27	155	190	105
30	126	179	134
0	105	217	155
16	123	226	137
0	104	266	156
24	80	240	180
35	106	231	152
63	81	222	179
65	57	225	203
141	94	135	145
162	58	114	196
179	60	94	166
204	78	75	140
204	92	78	168
218	105	67	96
233	102	58	104
248	105	47	87
249	109	51	67
247	99	59	73
247	96	62	69
215	70	100	102
241	60	68	111
242	45	77	143
257	177	89	83
252	168	86	92
247	168	87	91
218	171	108	89
213	172	118	88
250	171	92	89
229	157	109	103
218	156	128	104
229	79	71	66
227	78	105	87
221	43	94	176
208	35	133	190
93	57	198	188
88	31	234	215
111	57	195	197
95	63	193	183
75	82	243	178
66	112	232	148
16	82	308	178
40	107	163	153
24	98	101	162
0	95	127	162
0	85	186	175
0	117	187	143
21	158	214	102
92	142	199	118
0	0	148	135
41	169	151	91
5	143	221	117
0	0	74	85
25	0	110	92
33	0	130	119
193	85	116	157
45	164	168	96
123	143	163	117
0	178	174	82
0	35	105	139
0	162	82	98
44	175	102	85
67	51	146	117
0	0	130	136
167	0	111	78
55	0	156	82
0	0	133	93
150	0	96	64
130	0	127	54
44	0	139	69
144	0	117	60
116	0	148	71
245	0	101	55
241	0	96	53
168	0	95	65
89	30	72	101
110	32	67	92
180	0	100	64
267	0	79	49
196	0	88	63
110	77	136	67
58	0	168	101
53	0	220	93
170	174	98	86
156	173	136	87
200	149	75	98
217	205	86	55
217	200	129	60
230	197	116	63
229	181	117	79
177	125	138	129
247	164	99	96
240	163	106	97
280	160	66	100
258	171	88	83
210	164	136	96
191	85	99	125
175	53	120	182
177	65	114	139
182	79	140	168
170	61	163	178
168	84	121	121
162	79	123	139
149	77	156	159
109	58	223	193
70	59	268	201
97	55	223	205
93	57	217	203
78	62	244	198
59	51	231	209
70	51	219	209
58	82	224	178
82	86	169	174
43	72	224	188
14	82	273	178
42	73	243	187
22	77	259	183
39	73	265	187
44	81	261	179
75	84	225	176
58	81	229	179
186	103	139	157
178	114	137	146
181	113	146	140
146	121	165	139
127	106	143	150
119	103	189	157
160	127	165	133
184	141	162	119
181	139	142	121
186	135	150	125
127	91	109	131
120	98	136	105
127	84	148	152
156	104	101	100
151	92	134	136
174	95	101	117
176	91	83	117
179	91	96	124
196	87	77	114
197	91	94	113
203	81	71	113
210	85	66	108
202	93	106	128
204	84	106	144
195	62	116	179
194	73	105	139
182	45	132	182
182	76	124	116
48	137	176	123
204	75	93	115
201	79	110	113
191	49	112	158
189	43	123	194
176	41	153	197
0	133	201	127
195	76	80	92
180	69	134	116
35	0	182	136
197	77	141	101
71	0	145	140
0	0	197	103
142	37	117	184
273	197	73	63
233	208	92	52
224	201	122	59
244	210	102	50
232	214	114	46
240	222	106	38
197	166	119	89
130	114	172	121
118	85	203	175
139	106	179	154
105	85	234	175
102	94	241	166
92	94	240	166
95	105	198	155
101	118	220	142
111	118	172	142
128	108	178	152
167	80	179	180
192	79	144	181
0	0	185	146
0	0	159	111
19	0	160	129
42	159	155	101
47	160	177	100
213	120	111	128
185	117	107	110
223	109	108	116
58	85	137	129
145	62	191	188
193	89	129	123
49	132	162	128
11	104	238	156
161	79	178	155
117	81	226	179
97	65	249	195
82	93	228	167
50	66	237	194
18	44	228	183
67	112	213	148
61	89	211	171
41	31	241	229
44	61	219	197
31	80	213	180
0	66	234	194
33	72	180	185
36	58	190	196
64	50	282	210
121	73	173	167
0	165	149	95
16	92	161	163
0	0	69	85
0	59	70	100
13	40	107	182
0	165	99	95
0	104	144	150
141	192	123	68
156	181	190	79
254	172	92	88
219	193	101	67
271	174	75	83
257	194	89	66
290	184	56	70
290	184	56	67
288	189	58	58
272	200	74	60
269	205	77	55
263	208	83	52
269	213	77	47
270	213	76	47
272	216	74	44
266	222	80	38
266	224	80	36
285	226	61	34
287	225	59	35
296	227	50	33
312	224	34	36
315	235	31	25
316	235	30	25
323	231	23	27
314	234	32	26
316	227	30	33
300	225	44	35
297	229	49	31
295	234	51	26
302	226	44	34
303	224	43	36
305	227	41	33
309	225	37	35
304	220	42	40
292	225	53	35
241	171	62	62
172	172	98	88
61	107	137	144
16	52	220	206
75	44	216	158
64	149	187	111
0	0	158	153
26	68	171	192
53	74	223	186
193	97	118	117
55	0	147	109
203	91	88	93
285	0	61	102
173	79	78	84
190	99	97	75
190	88	112	94
166	57	132	139
127	49	193	199
39	77	231	183
0	31	162	212
0	39	158	205
0	13	164	216
0	78	169	155
88	79	67	111
79	77	71	122
68	67	95	134
77	36	95	171
73	46	97	153
70	32	121	169
0	0	165	143
80	40	106	162
67	40	131	179
63	62	142	177
74	93	135	157
69	59	171	191
69	68	203	192
65	94	185	166
59	99	209	161
49	109	209	151
47	122	205	138
52	127	206	133
98	107	178	153
139	124	164	136
92	99	213	161
68	90	240	170
0	0	162	146
155	69	88	159
0	0	124	87
137	26	109	149
178	120	127	140
167	122	98	95
169	126	76	82
160	132	112	91
160	131	98	88
138	110	142	136
152	125	178	135
127	75	166	185
118	61	185	199
112	80	203	180
128	76	180	184
87	81	238	179
65	80	229	180
72	62	226	198
116	84	223	164
79	88	258	153
54	66	255	194
106	81	240	142
105	76	241	155
96	63	250	163
42	30	304	207
52	43	262	204
35	64	234	191
51	88	194	162
53	79	167	181
44	66	186	194
62	71	179	189
47	112	176	148
22	93	218	166
0	119	197	141
0	113	164	147
21	95	178	165
0	116	201	144
43	147	162	113
68	127	178	133
163	76	112	133
119	60	152	200
124	64	168	165
99	49	217	209
99	40	221	218
146	55	157	162
99	31	199	209
67	44	233	216
0	78	267	182
26	118	207	142
9	101	130	143
0	127	118	133
41	92	81	144
0	82	141	161
3	89	147	171
44	128	143	132
44	108	171	152
121	74	225	186
110	93	225	152
105	100	241	160
73	96	273	164
75	95	271	165
54	96	292	164
84	95	256	165
64	101	282	159
42	124	156	136
42	144	175	116
48	156	170	104
136	114	183	137
125	103	213	157
61	180	131	80
68	193	76	56
59	195	103	65
81	184	96	76
44	210	130	50
22	193	101	64
17	183	126	77
0	191	127	69
34	207	98	53
17	195	133	65
143	73	93	89
185	153	116	107
46	19	165	140
40	0	198	108
0	0	127	94
0	95	107	111
23	187	112	73
0	162	127	98
37	156	129	104
198	121	96	88
213	127	103	92
228	126	92	78
233	119	77	70
226	110	89	77
225	109	93	73
224	107	99	75
222	98	100	83
220	88	104	106
204	77	121	137
176	67	144	145
172	56	134	155
171	63	126	138
167	61	139	130
171	56	128	131
162	34	126	165
161	41	130	144
162	45	118	133
148	37	116	147
167	136	179	124
181	55	85	143
160	50	118	149
161	63	84	108
160	73	75	100
17	0	122	83
0	0	85	69
0	7	73	109
0	15	80	133
0	0	42	73
0	9	25	66
0	0	32	73
0	4	37	71
11	10	74	88
0	34	82	117
0	116	64	129
0	101	74	139
0	111	80	126
0	113	108	143
0	108	94	139
36	149	72	109
65	205	69	55
73	217	63	43
66	214	79	46
58	205	100	55
30	161	100	93
13	116	143	144
0	84	177	176
46	0	207	110
30	0	221	102
28	0	214	101
0	116	165	139
0	141	148	119
0	157	169	103
130	1	133	162
0	0	177	143
0	0	186	141
192	0	134	131
50	0	165	95
119	68	138	116
86	67	201	141
101	48	201	177
0	0	77	85
99	17	48	132
81	9	127	131
190	66	105	126
197	67	93	147
199	64	97	141
186	58	101	148
181	50	108	155
0	112	238	148
57	140	262	120
0	140	174	120
6	120	187	140
0	102	202	158
0	135	217	125
0	144	209	116
0	181	130	79
0	148	81	112
0	106	85	154
0	142	93	118
0	177	36	83
0	156	53	97
0	142	61	118
0	203	36	57
17	193	49	67
18	160	83	86
0	53	55	106
89	0	58	76
92	46	104	95
0	0	129	109
0	0	96	102
113	42	71	116
91	119	123	124
117	119	167	141
149	127	197	133
0	0	163	109
0	0	56	70
51	17	68	73
0	0	80	61
52	8	82	90
0	0	87	90
0	0	63	63
0	0	74	85
0	0	43	73
0	0	65	70
0	0	59	57
0	0	72	64
0	0	67	68
0	0	61	111
105	84	31	60
100	67	58	93
70	0	133	100
84	87	170	137
136	77	112	183
165	133	76	115
162	132	75	116
161	119	89	112
173	126	76	100
180	126	61	101
185	132	55	92
169	125	64	107
161	125	97	118
152	116	129	126
129	86	170	174
141	93	159	162
135	95	171	141
124	92	183	162
116	82	197	161
99	79	189	161
102	76	189	166
80	72	209	157
68	37	242	208
56	30	248	214
71	49	227	191
54	29	257	186
79	21	225	207
80	26	209	208
87	36	164	174
95	57	145	157
0	0	156	143
84	41	69	120
70	36	94	104
69	46	81	101
60	47	81	116
70	58	71	102
71	69	63	97
89	108	123	145
54	87	254	173
41	99	290	161
30	84	287	176
59	92	244	168
30	67	282	193
110	92	171	165
96	89	216	171
141	119	205	141
120	103	226	157
138	128	208	132
25	0	229	138
124	115	205	145
129	117	217	143
21	0	223	110
144	115	182	145
22	0	202	106
61	129	219	131
90	64	196	186
71	63	203	183
60	49	215	206
120	84	159	147
114	67	174	178
166	88	138	147
151	85	147	149
124	62	166	175
6	56	294	204
2	45	313	191
13	37	311	206
31	47	286	183
87	53	221	162
106	52	215	174
81	38	219	212
100	38	222	205
89	59	214	201
0	0	185	144
111	51	151	201
117	44	166	198
105	49	182	203
111	53	161	202
127	51	140	202
106	69	165	165
110	56	157	187
119	52	139	190
102	67	150	167
83	23	184	233
78	30	180	230
69	44	187	216
34	57	231	203
31	62	228	198
64	66	238	191
61	77	213	173
64	87	253	169
42	87	301	173
57	84	289	176
86	85	245	175
82	89	255	171
76	79	265	181
102	78	223	182
111	68	204	192
123	105	176	143
122	108	182	148
108	98	213	162
119	93	223	167
111	81	206	179
139	80	172	180
152	94	156	166
141	79	171	181
155	81	160	179
177	96	135	155
35	0	219	143
0	0	160	147
0	0	122	95
0	0	97	128
0	22	100	169
0	0	99	101
0	0	128	137
77	18	136	152
76	23	176	175
77	37	204	159
110	29	191	195
133	57	180	198
163	67	146	190
113	47	192	179
95	75	251	178
65	81	281	179
92	70	254	190
166	108	169	114
146	66	166	168
187	92	126	120
197	78	107	151
189	73	116	158
104	38	219	204
44	53	286	169
61	42	259	195
87	44	205	183
92	54	204	166
0	107	154	153
0	49	133	180
94	46	97	121
57	58	111	123
5	45	204	212
4	79	241	181
0	95	120	129
0	120	97	105
4	137	71	80
0	158	65	80
0	162	45	95
0	172	60	88
18	130	104	112
53	161	115	99
86	146	158	114
152	113	176	131
140	124	142	136
136	100	210	160
165	103	150	157
166	96	149	164
170	90	155	170
148	96	178	164
181	92	165	168
203	116	143	144
217	116	129	144
82	0	186	152
190	109	149	133
90	0	176	110
37	0	255	122
32	0	261	139
37	0	256	140
42	0	244	114
223	110	123	98
123	0	136	122
80	0	232	116
0	173	134	87
0	109	138	151
0	95	99	165
0	143	104	117
5	115	132	145
17	136	132	124
40	148	126	112
55	170	146	90
53	165	179	91
116	156	139	85
160	137	94	92
140	142	104	93
92	172	105	88
32	140	182	99
65	149	162	98
195	0	151	125
166	77	164	139
125	97	177	147
24	139	238	121
23	117	261	143
124	25	186	219
136	36	178	224
134	38	168	198
114	40	204	187
115	41	191	179
138	59	130	133
137	76	123	114
140	90	74	99
120	81	103	137
112	79	113	159
93	72	155	170
63	48	202	212
81	52	218	208
74	68	272	192
78	69	268	191
89	92	257	168
101	82	245	176
21	70	249	190
110	86	236	174
164	105	182	155
7	119	195	141
179	112	150	148
118	83	228	177
161	105	152	155
166	109	169	151
199	136	110	98
205	140	87	106
215	125	117	124
215	136	131	124
200	106	108	134
224	135	80	104
216	114	115	146
132	144	173	116
95	205	114	55
70	202	112	58
68	203	97	57
68	214	75	46
57	212	90	48
36	191	106	69
26	184	116	76
49	149	126	110
22	98	240	162
82	71	264	189
84	58	262	196
103	61	243	199
60	50	286	210
103	53	243	207
195	103	151	120
209	97	111	131
127	28	200	222
95	43	231	196
211	101	100	104
217	118	62	84
127	14	102	125
200	102	92	106
184	105	82	115
164	79	132	141
44	110	266	150
73	51	223	209
35	18	295	229
0	4	246	228
165	69	147	180
150	89	182	145
143	88	196	147
142	94	191	144
128	79	218	181
131	92	215	168
133	95	213	165
149	98	197	162
140	113	206	147
165	74	157	186
177	104	144	156
152	105	170	155
148	85	169	175
153	88	172	172
157	103	167	157
152	103	167	157
163	122	136	138
148	108	181	152
154	124	152	136
172	143	126	110
160	147	155	96
174	120	153	140
197	137	109	123
193	132	121	127
215	148	126	112
204	138	142	122
212	145	110	115
228	146	118	114
248	155	98	105
212	124	130	110
214	124	99	136
201	119	109	141
186	109	141	147
49	153	98	78
12	123	167	137
11	81	180	179
0	15	197	235
0	55	262	205
0	36	278	224
16	46	254	186
160	103	125	120
163	103	84	107
163	115	140	136
124	65	186	184
172	113	152	147
0	0	203	158
0	0	238	145
0	0	285	205
0	145	151	115
0	157	148	103
0	164	143	96
24	131	137	118
63	128	97	109
79	121	87	97
93	127	83	104
95	108	92	115
68	81	156	148
83	79	161	141
68	62	183	176
68	49	177	210
0	0	188	134
0	0	111	138
9	0	126	86
12	0	118	81
14	0	126	90
0	0	140	115
100	76	159	156
57	52	222	204
56	67	211	184
62	69	236	182
0	0	143	124
63	0	153	170
0	0	114	91
47	11	163	121
84	0	170	134
144	101	202	159
35	69	249	191
179	138	167	122
186	148	151	112
182	125	164	135
156	131	145	129
155	126	191	134
198	157	148	103
183	129	163	131
165	103	181	157
109	87	186	171
133	104	167	156
137	90	187	170
153	122	152	138
127	98	201	162
137	114	183	146
126	129	156	114
99	90	247	170
24	68	212	192
12	80	234	180
8	88	232	172
34	115	222	145
21	141	233	119
41	187	200	73
31	170	183	90
40	190	147	70
7	164	169	96
191	146	73	81
177	123	116	107
168	120	138	119
168	102	139	157
198	133	136	127
200	134	87	101
220	126	80	96
223	132	78	82
241	133	64	80
245	122	66	90
239	119	73	94
234	112	100	104
233	112	81	105
191	141	122	119
261	15	85	145
224	127	91	118
219	130	79	67
224	132	72	62
223	109	123	100
186	79	122	164
202	86	93	152
58	173	139	87
26	111	144	131
150	74	147	164
126	89	189	132
153	80	151	165
140	76	166	170
137	44	172	214
139	42	156	180
0	0	171	142
149	50	104	171
153	58	107	171
166	73	95	149
164	71	100	159
151	65	121	172
139	53	148	187
157	71	117	169
163	74	122	163
162	74	129	182
161	62	142	195
169	76	141	167
158	51	182	172
147	46	199	174
174	92	147	161
236	87	89	125
243	123	85	86
248	128	84	67
246	123	95	65
271	121	68	63
257	105	88	94
233	90	113	109
212	47	122	169
166	36	173	178
188	36	154	167
166	41	174	214
162	48	162	144
156	66	149	113
166	73	114	108
142	69	171	190
95	49	233	208
112	54	176	190
84	79	194	174
45	40	233	220
43	49	231	210
0	68	211	191
7	83	184	177
0	81	188	179
0	93	219	167
33	111	248	149
112	81	234	179
150	90	196	170
162	121	184	139
188	120	143	140
165	106	162	154
0	0	176	134
0	0	67	84
9	0	106	99
1	0	130	127
0	0	55	74
20	0	84	93
0	0	115	123
0	72	87	164
0	84	94	176
0	87	98	173
0	104	97	156
3	119	160	141
0	60	115	200
0	19	109	237
0	102	135	147
0	78	155	152
0	136	154	124
10	142	146	118
86	94	54	106
68	99	80	104
23	108	136	152
56	88	112	151
114	72	152	167
136	74	167	159
167	89	134	128
146	68	162	184
0	0	147	105
169	74	120	146
148	69	182	187
162	89	87	107
154	75	72	145
187	118	61	86
191	127	49	78
177	127	66	72
173	113	77	97
168	108	104	117
156	106	132	125
163	97	130	137
166	96	132	150
161	108	146	144
167	88	150	164
169	82	162	175
182	84	163	169
184	68	162	185
175	57	171	193
214	132	120	128
197	109	142	151
170	100	176	160
176	51	170	197
156	46	190	181
164	51	182	169
186	92	121	117
229	100	76	80
237	106	82	72
233	99	67	83
222	102	71	83
205	108	78	80
190	105	75	70
181	103	80	77
155	97	109	86
126	81	162	129
96	76	211	153
31	83	232	140
0	61	240	170
0	53	238	192
0	40	251	220
2	75	300	185
148	20	164	168
0	127	102	133
0	61	121	181
0	138	62	122
0	71	76	153
0	23	79	234
0	161	103	99
2	192	68	68
26	162	96	82
0	152	128	108
15	174	143	86
3	160	165	100
11	148	161	112
99	91	150	169
109	36	212	224
133	51	170	209
92	42	239	218
63	53	283	207
70	52	276	208
84	48	262	212
105	74	241	186
108	58	238	202
155	103	191	157
36	0	210	107
105	46	241	190
276	107	70	103
188	127	82	133
154	143	159	117
64	172	90	88
62	158	115	102
65	156	186	90
77	146	202	111
136	124	145	136
186	126	93	128
198	117	97	125
213	128	68	96
209	113	73	103
226	115	64	96
235	121	51	87
240	117	56	82
251	104	50	84
251	99	57	77
237	95	77	80
186	88	122	128
173	83	143	132
169	75	149	135
163	72	147	144
157	55	164	165
160	74	152	119
159	40	143	165
148	67	145	143
88	39	251	215
108	53	206	207
105	68	204	192
106	73	190	187
92	36	193	204
96	65	180	169
118	65	142	171
89	42	157	183
58	110	184	150
151	103	125	138
155	114	152	138
142	102	200	158
136	107	197	153
143	117	168	143
109	116	231	144
96	114	212	146
101	80	245	180
105	70	241	190
95	58	251	202
156	68	190	192
171	75	175	185
187	76	159	184
196	119	144	141
6	167	151	93
6	134	194	126
228	79	118	151
190	74	156	186
176	54	133	189
172	50	174	210
175	45	158	211
212	71	134	178
206	58	140	202
182	41	164	219
190	28	156	209
204	21	142	218
0	99	183	161
64	76	282	184
109	51	237	209
183	41	163	195
227	80	116	136
221	79	121	150
208	70	138	158
223	92	109	116
216	83	109	117
214	77	119	129
214	61	112	155
214	74	106	127
202	73	116	125
194	70	133	126
51	61	222	199
86	42	258	195
0	56	269	204
100	39	217	187
46	52	246	204
56	55	229	193
39	44	255	216
11	66	222	194
29	84	193	176
42	69	188	191
69	84	162	176
114	74	166	171
48	107	176	153
140	99	115	103
158	100	80	95
158	102	79	103
157	101	93	116
166	87	118	126
145	63	158	167
148	79	150	122
150	83	144	124
153	98	151	115
143	89	162	140
145	110	169	128
142	117	163	138
125	130	182	130
143	149	160	111
160	170	139	90
204	121	142	139
224	130	122	130
193	104	153	156
87	173	118	87
51	155	161	105
60	149	155	111
7	155	201	105
16	164	155	96
15	151	171	109
0	0	122	151
0	136	133	124
0	137	124	123
45	156	94	104
34	134	146	120
197	60	124	174
168	32	178	228
129	63	205	159
162	58	184	185
151	39	195	200
22	78	316	182
46	84	268	176
136	82	210	142
34	85	285	175
106	69	240	174
79	45	267	190
98	56	248	187
0	62	264	198
149	83	197	126
194	68	133	121
180	64	150	137
167	42	176	170
158	26	180	191
156	29	179	167
149	32	168	164
0	0	190	135
191	52	114	119
159	0	148	106
145	61	199	151
106	77	190	162
110	46	227	212
135	45	206	215
111	40	218	218
115	40	208	220
110	35	208	225
132	28	181	220
107	50	225	210
119	40	199	220
103	46	234	213
146	57	175	203
144	63	179	194
135	65	196	195
27	53	222	162
137	61	192	198
126	58	187	193
160	66	169	193
135	69	211	190
173	91	143	162
180	101	166	159
94	49	138	145
0	0	80	81
0	26	68	130
0	13	94	193
45	8	180	238
79	110	199	150
75	77	237	183
55	143	226	117
132	17	214	239
180	49	166	208
183	40	163	220
203	56	143	190
204	71	133	173
218	98	105	108
233	87	86	123
202	71	112	165
125	82	182	177
61	106	188	154
178	51	165	188
77	47	269	204
91	43	255	190
90	26	251	224
93	23	253	217
74	40	268	210
80	35	261	205
54	51	252	202
36	51	295	203
0	43	205	217
0	53	186	207
0	60	168	200
0	27	165	233
0	55	149	205
0	100	176	160
116	24	191	190
119	15	204	199
249	184	97	76
264	195	82	65
265	194	81	66
259	201	87	59
254	201	92	59
266	213	80	47
230	201	114	59
166	186	135	74
124	86	220	152
115	49	215	197
117	74	220	157
119	75	214	159
116	63	229	197
102	52	244	208
88	55	258	205
121	53	224	207
116	60	230	200
142	71	189	189
142	68	204	192
125	45	221	215
161	65	176	195
157	60	189	186
177	86	169	156
190	85	156	164
217	112	125	148
69	0	183	151
0	156	195	104
25	142	185	118
0	132	160	128
23	118	172	142
119	57	182	161
104	52	219	186
144	43	202	196
139	40	207	188
159	32	187	202
182	40	164	204
203	55	143	172
211	78	129	162
216	69	112	173
216	93	98	129
214	77	103	148
221	80	99	140
223	100	91	99
215	93	116	108
195	56	122	169
202	70	111	131
187	58	134	156
41	90	175	170
204	74	112	98
196	52	111	157
196	56	118	150
183	48	132	158
186	47	133	144
149	62	176	184
0	0	122	95
124	7	88	95
91	0	143	71
0	0	94	51
0	6	97	84
0	8	94	121
124	28	73	130
141	64	83	108
118	27	124	186
156	76	170	163
162	83	142	153
0	154	112	106
66	133	132	127
172	96	117	119
156	65	182	192
151	46	195	211
0	0	158	147
51	134	162	126
54	185	163	75
213	95	114	125
67	0	163	150
136	45	210	193
160	52	175	180
157	49	183	179
194	92	118	134
252	107	67	97
259	115	45	95
271	124	43	56
257	116	56	68
270	119	45	55
265	116	60	63
272	107	47	83
271	99	48	93
245	75	76	143
211	99	119	151
189	88	148	161
186	83	143	162
146	58	200	196
98	41	248	219
58	52	280	208
4	75	330	185
0	21	261	234
23	56	276	204
0	8	201	247
0	53	228	207
0	84	210	176
0	103	234	157
0	120	149	140
6	85	143	175
0	0	140	107
0	99	116	146
0	165	84	95
12	125	119	135
0	183	86	77
22	136	113	116
13	152	131	108
16	151	135	109
25	160	109	100
21	176	114	84
1	173	158	87
25	192	100	68
0	184	141	76
9	194	119	66
1	181	167	79
8	157	174	103
168	103	120	138
130	77	202	183
135	70	211	190
134	79	212	175
156	122	190	138
152	86	176	174
171	109	175	151
149	79	192	181
170	69	173	191
180	84	156	176
206	112	140	148
182	70	152	170
261	0	85	94
154	0	109	87
94	0	177	92
252	0	94	71
163	87	104	73
59	0	140	130
108	40	236	191
153	80	193	150
182	64	156	185
198	75	148	172
43	118	110	133
67	127	94	128
62	123	109	114
59	127	117	124
0	97	219	163
37	77	244	183
13	81	274	179
193	69	135	157
176	43	159	206
78	96	250	164
129	20	217	230
30	79	231	181
55	51	193	209
43	72	213	188
136	31	183	185
148	39	151	158
85	133	215	127
70	143	233	117
58	134	243	126
60	128	255	132
60	104	219	156
80	19	214	207
7	43	244	188
50	42	186	192
33	46	178	209
55	76	125	145
77	38	113	159
82	44	123	155
86	46	115	161
60	15	139	206
85	2	189	222
130	12	150	192
140	8	138	186
17	12	195	222
137	101	209	159
147	12	84	119
156	13	91	114
163	10	88	125
163	12	108	106
161	10	126	107
170	5	119	123
194	16	91	99
232	17	59	78
234	17	67	80
241	14	62	90
238	20	76	75
242	17	73	83
246	10	69	89
252	1	61	107
256	8	60	96
264	0	54	115
262	0	60	117
265	2	53	117
264	0	57	123
255	0	59	112
204	0	133	101
195	0	137	82
212	0	121	94
188	0	123	80
239	9	88	84
230	0	85	127
211	0	99	144
212	0	90	157
200	0	83	151
143	0	163	170
15	0	287	222
22	24	303	196
64	29	281	205
15	23	296	220
21	18	277	204
4	28	295	211
0	42	293	218
0	43	288	217
0	42	274	217
0	71	167	189
0	88	128	170
0	92	177	168
209	95	125	165
186	108	142	149
175	117	171	140
162	113	184	147
155	109	191	151
144	112	202	148
154	121	192	139
135	120	211	140
139	112	207	148
137	114	209	146
146	121	200	139
152	128	194	132
156	129	190	131
149	131	197	129
134	130	212	130
139	113	207	147
148	122	198	138
126	115	220	145
147	120	199	140
152	124	194	136
21	45	204	180
67	32	174	182
90	40	141	161
140	35	100	143
160	24	100	154
0	151	124	109
0	126	134	134
0	34	119	218
0	0	139	168
12	109	181	151
16	118	200	142
0	117	232	143
9	49	226	203
33	64	258	171
35	61	269	177
24	65	264	161
20	52	268	179
29	53	243	165
0	81	300	179
20	65	325	195
9	48	317	209
18	66	282	180
101	85	193	175
45	86	246	174
0	0	253	209
0	10	242	191
0	0	253	228
0	4	238	219
0	28	211	176
139	27	145	149
121	26	170	163
158	128	188	122
167	162	161	98
152	177	167	83
226	128	120	104
191	131	155	129
239	153	107	69
219	158	126	102
220	163	126	79
240	160	106	88
270	163	76	74
258	165	87	82
252	178	93	73
254	183	92	68
256	184	90	74
257	189	89	71
255	183	91	77
250	200	96	60
250	188	96	72
255	202	91	58
258	197	88	63
272	208	74	52
278	211	68	49
273	204	73	56
287	204	59	56
270	211	76	49
296	214	50	46
286	210	60	50
300	219	46	41
303	222	43	38
328	219	18	41
312	208	34	51
294	156	47	59
298	76	48	99
220	0	68	109
97	0	133	79
41	0	169	74
51	0	182	81
0	119	147	102
43	121	76	122
32	108	125	130
53	108	113	122
117	117	130	138
111	119	150	112
129	117	114	111
128	98	94	112
146	84	85	112
131	77	125	131
107	71	187	189
87	79	208	181
148	63	153	179
78	79	237	181
113	59	229	188
104	49	242	201
88	41	242	213
165	56	128	161
151	59	135	163
108	49	198	195
166	36	128	165
174	28	111	181
172	30	107	175
162	35	107	158
161	29	119	153
164	54	95	122
161	64	91	104
156	56	99	125
158	59	92	114
149	56	97	138
135	56	109	141
135	60	93	127
142	62	147	169
129	73	177	179
126	82	181	169
97	84	243	176
136	121	104	84
124	123	81	78
107	130	99	81
103	136	110	86
103	128	139	109
55	105	230	133
34	73	290	187
0	61	250	199
25	65	321	195
52	67	294	193
55	75	291	185
97	64	220	196
97	67	242	193
125	57	196	203
126	79	184	181
154	112	192	148
139	62	181	187
169	96	147	153
172	94	149	156
180	129	162	131
187	126	155	134
46	0	163	114
0	0	75	78
0	0	82	101
0	0	97	137
4	22	104	152
110	36	120	143
154	64	172	192
48	34	291	206
96	67	247	172
154	77	169	162
203	94	105	131
218	103	87	116
214	95	85	126
214	96	84	115
205	93	99	113
211	85	84	120
214	98	80	93
215	90	82	101
192	84	101	106
186	59	109	147
164	36	130	204
0	84	249	176
177	49	117	158
168	37	117	180
0	85	191	171
0	58	237	202
0	101	236	159
13	125	212	135
23	177	120	83
0	152	115	103
5	140	124	112
12	140	106	120
1	128	116	122
7	94	83	103
0	97	112	163
0	115	169	145
0	126	165	134
0	83	136	177
0	87	168	173
87	40	227	216
232	169	114	90
285	163	61	80
270	172	76	68
250	181	96	64
256	183	90	68
258	189	88	71
248	195	98	65
242	196	104	64
224	205	122	55
253	207	93	53
238	199	108	61
250	221	93	39
252	204	94	56
291	222	55	38
271	208	75	52
294	225	52	35
278	218	68	42
290	222	56	38
285	238	52	22
277	233	56	27
319	180	27	40
304	133	40	71
246	124	51	68
218	117	100	93
118	0	122	131
187	116	145	121
81	0	165	116
0	165	128	95
0	169	132	91
41	196	124	64
41	191	129	65
76	189	99	60
81	181	97	50
81	178	107	54
87	173	103	59
71	157	116	82
75	136	129	116
93	128	223	104
101	109	242	124
165	106	177	102
200	107	131	97
177	65	167	177
57	46	243	214
17	33	278	216
51	57	285	203
108	28	238	222
123	16	209	237
131	26	196	217
136	19	178	230
116	16	207	240
116	34	206	225
144	40	172	194
101	50	213	198
98	68	204	173
87	53	205	201
0	117	265	143
0	108	280	152
38	65	250	195
45	68	207	192
55	77	185	183
86	97	70	107
99	97	50	89
89	98	67	86
55	92	130	134
76	64	120	164
35	60	203	187
48	61	229	199
0	91	247	169
141	65	98	168
139	55	129	180
134	66	103	155
133	87	123	126
91	59	229	201
113	70	167	179
100	81	194	177
142	85	141	159
145	89	136	154
173	115	97	108
189	112	74	118
186	112	85	118
171	96	110	152
145	110	158	134
130	71	173	189
130	70	176	190
147	98	159	162
154	110	144	150
159	88	152	172
170	111	127	149
169	109	122	151
120	130	193	130
93	65	243	195
97	52	249	208
115	51	231	207
148	83	198	167
178	112	161	128
185	111	144	134
186	118	118	117
178	97	149	141
179	119	108	105
156	115	125	97
145	116	116	89
125	113	152	94
116	100	199	129
140	95	196	127
104	75	211	184
103	71	243	157
129	75	203	139
84	58	260	185
45	39	277	204
0	55	293	205
0	35	266	225
0	29	258	231
0	19	215	233
0	57	257	203
161	46	140	146
104	135	172	125
55	129	228	131
125	35	188	202
0	167	161	93
0	141	128	119
0	85	157	168
0	139	130	121
0	105	96	155
0	61	75	151
0	67	68	176
4	65	69	160
27	80	47	118
20	101	71	91
24	107	66	128
25	102	101	135
44	107	105	129
57	95	132	154
37	103	197	155
74	100	192	158
13	125	228	135
148	124	90	104
155	109	96	119
144	93	142	138
144	103	173	141
136	104	174	138
140	129	156	131
122	115	195	145
130	114	195	146
122	102	221	158
160	84	186	176
151	60	195	190
172	87	174	173
163	95	183	165
147	84	199	176
165	86	181	174
136	75	210	185
140	71	206	189
193	92	153	168
162	78	177	182
147	64	199	196
158	84	188	176
