43	120	66	70
6	94	75	117
0	0	68	128
0	124	73	91
4	101	85	113
4	104	107	126
0	122	114	112
0	118	135	116
14	116	106	119
68	120	151	126
78	123	150	137
97	119	220	141
58	120	207	140
49	122	174	138
44	128	168	132
39	124	139	136
59	132	186	128
0	137	194	123
156	134	109	126
141	148	121	112
110	151	177	109
59	135	220	125
0	167	152	93
93	165	150	95
91	157	110	66
83	154	129	85
79	149	123	70
81	148	114	72
80	135	112	88
36	108	162	133
13	115	144	140
99	113	165	118
70	77	276	173
56	103	272	117
83	102	216	114
66	100	215	120
26	119	205	141
0	0	136	103
71	82	109	148
0	0	116	128
0	0	86	85
0	0	34	47
0	0	16	23
0	1	28	34
12	0	30	35
12	0	56	50
30	0	57	70
37	0	76	40
41	0	76	30
50	0	56	23
50	0	67	26
52	0	61	24
54	0	60	24
61	0	63	24
53	0	67	24
14	0	65	34
0	0	46	37
55	0	32	23
84	0	34	16
101	0	32	21
86	0	50	32
74	0	58	30
72	0	79	57
0	0	67	37
72	10	43	49
52	0	79	59
0	0	75	46
0	45	24	43
0	40	21	70
0	85	33	60
0	106	21	90
0	118	25	89
52	113	35	80
77	113	61	57
63	109	118	94
25	87	188	148
5	89	217	171
42	119	197	141
0	131	168	129
47	114	113	111
16	101	150	144
5	103	176	157
35	136	113	117
66	99	70	129
73	124	89	136
58	117	100	143
43	93	132	167
26	137	158	123
36	125	186	135
0	141	143	119
166	0	115	115
18	65	170	134
0	95	77	114
22	119	56	95
30	128	43	57
15	112	67	76
24	116	75	83
18	118	113	100
0	87	131	173
0	87	157	173
0	97	175	163
0	98	133	162
0	113	98	147
0	117	95	143
0	124	97	136
0	151	108	109
99	120	50	68
106	121	53	74
114	137	55	57
121	142	54	58
118	142	70	57
128	148	63	52
130	147	52	51
128	149	67	54
131	156	67	51
144	153	62	54
139	151	63	60
102	146	107	77
76	136	113	95
52	155	170	105
101	164	186	96
0	189	170	71
0	178	65	82
0	165	57	95
0	177	43	80
0	185	34	64
0	162	41	89
0	169	46	65
0	173	38	67
0	170	47	90
0	183	54	77
25	102	81	91
89	148	65	80
52	134	121	126
79	147	166	113
246	0	100	103
274	1	72	128
273	5	72	122
284	7	62	120
282	0	64	148
261	0	85	183
163	61	135	199
0	0	99	81
0	13	135	98
85	1	125	181
0	171	141	89
0	161	87	99
11	168	62	92
17	174	59	86
13	175	67	85
19	174	61	86
23	174	64	86
21	178	71	82
21	175	72	85
22	175	74	85
25	172	71	88
20	168	83	92
27	166	72	94
33	160	74	100
28	155	94	105
12	143	126	117
27	140	110	120
4	141	131	119
8	141	140	119
81	161	50	71
82	170	70	45
99	169	58	50
101	180	66	43
112	179	53	36
115	168	46	43
119	159	40	52
131	177	43	44
138	174	45	43
82	155	101	72
61	143	163	111
61	140	187	120
0	0	76	91
0	0	55	78
31	26	46	52
32	22	47	48
34	25	55	44
41	27	55	41
46	31	37	34
31	29	57	45
34	32	57	51
34	23	77	77
41	9	92	122
0	0	87	101
0	0	71	80
94	0	63	46
149	27	24	36
161	28	31	27
166	25	22	28
169	25	22	24
168	21	33	31
172	20	25	26
175	22	21	17
178	23	10	11
177	22	10	17
178	21	10	11
179	18	10	12
178	17	10	15
177	13	12	16
175	12	18	17
174	5	21	28
163	10	41	43
159	10	86	64
150	18	81	53
137	16	81	56
148	21	65	47
139	16	63	46
120	11	101	91
81	72	195	124
0	141	156	119
29	124	150	136
0	148	157	112
0	165	163	95
0	160	153	100
13	145	124	115
27	141	117	119
48	156	81	104
55	161	72	99
55	160	77	89
45	146	97	114
59	150	82	110
63	148	73	108
73	160	63	85
75	154	69	95
81	151	60	98
83	151	63	93
88	141	63	93
96	140	51	88
99	133	52	97
98	131	53	97
109	193	89	67
100	182	112	71
65	114	96	114
29	91	165	169
14	78	287	182
32	81	314	179
36	77	310	183
24	74	322	186
37	92	309	168
58	92	275	168
46	79	283	181
36	89	298	171
72	119	274	141
69	103	252	157
66	139	255	121
0	129	114	123
48	128	123	132
28	131	146	114
48	125	103	122
42	127	104	124
31	130	187	130
39	137	224	123
0	133	234	127
0	131	266	129
92	173	209	87
97	148	212	112
106	174	195	86
119	183	200	77
0	137	159	123
28	131	155	129
0	0	67	95
0	25	70	110
0	0	57	91
0	0	26	44
0	10	20	24
0	1	23	33
0	0	35	37
3	0	33	33
4	0	42	34
11	0	29	33
14	0	34	30
10	0	46	32
6	0	49	41
18	0	44	38
17	0	57	30
18	0	60	34
14	0	64	31
73	0	47	24
112	0	45	19
76	0	55	26
31	0	69	32
0	0	47	26
0	0	54	49
0	0	55	37
0	0	51	32
5	0	45	28
0	0	35	30
0	0	53	48
15	0	53	37
18	9	64	21
9	7	66	25
11	8	59	29
15	16	64	20
15	14	58	22
12	11	61	32
17	10	46	32
21	11	42	29
21	26	57	25
23	25	53	23
23	26	55	28
26	18	43	35
25	14	38	33
24	17	38	31
0	17	54	49
0	0	21	35
0	5	31	37
2	22	43	31
0	19	49	39
50	8	32	33
40	1	40	39
14	5	62	44
39	0	52	42
19	4	79	57
0	0	35	39
0	2	33	39
0	0	31	32
11	0	46	33
0	0	59	38
17	0	58	35
0	0	68	46
0	0	62	40
3	0	58	35
0	0	46	59
0	0	21	30
0	3	36	33
18	5	48	27
16	8	67	20
8	10	75	22
8	10	67	26
7	11	61	27
6	12	54	25
6	12	49	27
3	8	48	33
8	19	46	31
8	19	41	29
7	25	46	27
9	26	46	27
8	24	47	29
10	25	41	29
18	28	32	28
13	28	44	30
15	24	41	32
20	22	30	29
24	20	24	31
28	18	28	31
28	16	38	35
23	10	54	50
32	9	57	60
0	0	31	36
6	4	52	43
18	3	56	62
0	0	41	40
50	0	32	36
3	0	68	34
26	0	53	32
0	12	49	30
42	0	32	35
31	0	42	32
0	5	67	39
0	0	23	29
6	5	40	33
0	0	55	42
11	0	53	34
0	1	54	56
0	0	58	34
0	0	39	36
21	15	48	18
14	15	54	20
10	16	60	21
10	15	54	24
12	20	51	24
16	24	44	21
9	11	42	34
15	13	30	32
9	18	42	30
12	17	38	28
15	18	37	30
14	17	38	30
17	18	41	33
18	21	35	32
27	24	33	29
37	24	30	28
34	29	37	30
44	37	43	31
49	36	44	34
53	28	33	33
55	26	32	34
60	24	29	32
20	17	68	52
72	24	43	38
68	20	50	46
0	0	61	34
0	8	82	61
0	0	53	64
0	0	24	34
13	2	41	42
4	16	75	44
94	8	30	39
73	3	35	39
73	2	40	33
70	1	41	32
47	7	63	37
15	4	89	65
0	14	86	91
0	102	50	112
10	148	111	82
0	153	153	77
4	153	137	75
6	160	137	72
26	154	80	74
0	153	123	72
9	150	106	72
4	127	144	112
0	115	160	145
0	147	155	113
0	152	147	108
2	139	164	121
63	151	163	109
90	141	141	105
79	134	188	126
64	49	282	182
46	173	206	87
64	142	162	118
42	170	229	90
40	179	211	81
40	158	210	102
172	0	174	177
202	9	144	146
197	2	149	175
201	22	145	139
185	18	161	161
168	6	178	212
196	40	150	190
0	168	161	92
14	152	149	108
6	147	184	113
0	0	137	133
175	0	105	75
240	5	106	108
284	11	62	97
308	9	38	73
300	5	46	77
283	4	63	80
211	11	108	115
265	0	81	134
247	0	99	182
113	129	147	131
86	123	169	137
67	139	203	121
34	136	233	124
254	0	92	83
231	15	106	76
239	31	93	107
227	27	119	147
216	33	130	176
202	42	144	163
184	42	162	163
21	134	188	126
38	150	190	110
14	149	207	111
128	103	169	153
134	41	212	166
131	15	215	187
130	17	216	182
73	47	269	203
0	0	80	84
11	36	65	41
43	50	55	30
34	45	71	39
28	40	63	41
29	36	57	40
33	35	49	40
34	39	45	36
54	42	46	38
31	34	55	42
58	37	37	35
49	34	65	41
63	26	51	49
62	22	83	69
101	21	92	80
95	29	109	79
0	0	136	88
0	0	92	84
0	105	45	69
12	147	55	96
18	133	117	127
78	122	168	138
14	135	273	125
242	31	104	153
228	0	118	199
233	29	113	157
185	4	152	187
219	32	127	168
199	24	147	172
176	17	170	184
165	0	181	217
149	0	197	222
132	0	214	214
104	0	242	216
197	16	133	169
171	0	174	215
107	0	239	216
170	0	154	185
88	6	252	227
96	2	235	221
102	3	217	212
114	16	225	201
194	1	144	157
193	0	145	175
205	0	122	153
223	0	99	145
228	0	111	81
209	21	89	81
192	30	117	69
186	2	150	125
230	19	116	119
259	29	69	75
236	23	85	70
236	14	90	90
244	15	80	89
243	12	75	86
231	13	92	82
226	28	96	62
213	25	111	63
218	36	104	52
204	34	123	53
173	0	148	126
33	113	186	144
30	83	258	177
45	75	197	185
82	97	123	153
57	90	187	170
62	111	207	149
0	127	155	133
41	103	110	157
36	122	142	138
54	99	113	139
0	131	144	129
55	116	100	109
40	113	129	147
40	115	150	135
26	120	181	136
8	133	193	127
19	131	190	129
0	135	193	125
129	43	161	165
128	5	174	190
93	0	230	203
97	11	242	201
119	25	222	164
141	24	205	169
159	17	187	188
148	5	198	217
149	7	197	217
224	38	122	145
180	14	166	211
189	3	157	222
194	4	152	221
219	8	127	195
245	10	101	184
216	0	130	212
255	0	91	196
264	0	82	198
243	20	103	134
255	29	87	82
250	7	89	107
258	16	83	96
248	15	97	92
248	14	98	90
241	23	105	86
245	29	92	72
243	24	87	79
232	20	103	83
221	27	110	73
220	36	117	64
232	36	97	57
198	24	126	70
204	9	139	132
98	133	147	127
151	176	155	84
167	183	144	77
162	169	158	91
138	100	188	160
27	78	198	182
0	73	235	187
3	83	252	177
0	76	268	184
0	90	248	167
48	33	298	211
25	19	291	234
17	45	276	215
0	117	198	143
39	137	193	123
33	144	200	116
23	150	188	110
28	132	204	128
60	3	286	221
57	0	289	230
75	0	271	229
108	0	238	215
162	1	174	193
178	0	168	199
182	8	164	188
206	0	140	190
234	17	112	141
267	5	79	166
286	14	60	108
292	0	54	129
301	13	45	87
281	8	65	99
286	33	60	65
252	30	78	55
249	30	97	66
255	27	84	69
254	34	85	58
250	33	85	57
245	29	88	53
249	37	93	48
254	42	87	58
259	33	87	118
225	0	91	173
178	20	144	155
12	124	194	136
79	111	215	149
80	106	207	154
89	96	188	164
65	107	236	153
42	117	258	143
0	142	187	118
0	137	89	121
5	117	119	138
0	137	108	123
13	94	187	166
0	120	104	133
45	119	72	117
45	123	84	128
62	146	57	85
60	145	68	87
58	142	70	108
71	139	63	96
65	132	78	125
62	142	97	103
51	131	117	129
25	132	168	128
36	128	161	132
75	137	95	121
69	141	122	114
54	132	143	128
70	132	123	123
57	121	162	139
61	140	180	120
92	125	133	116
77	116	162	144
33	133	279	127
49	100	170	146
52	101	212	159
44	97	159	148
18	83	211	177
64	141	257	119
32	89	309	171
56	97	290	163
65	100	266	160
44	123	208	137
47	116	251	144
74	117	252	143
53	98	264	162
70	88	205	172
45	119	250	141
49	134	197	126
0	0	136	136
47	101	154	159
35	119	205	141
60	65	233	184
0	101	150	153
13	84	164	171
0	139	162	121
46	127	169	133
14	123	198	137
13	137	210	123
14	125	184	135
21	143	183	117
41	127	140	133
50	125	153	135
42	117	160	143
34	131	176	129
15	122	190	138
26	134	184	126
73	141	139	119
107	141	84	112
123	145	62	92
125	146	75	103
130	144	59	86
117	143	65	66
120	141	65	80
125	142	64	76
125	121	69	123
116	112	95	148
56	114	179	146
68	114	173	146
45	113	223	147
67	124	209	136
0	137	201	123
63	103	193	157
37	92	223	168
58	88	287	172
63	117	258	143
67	109	250	151
70	122	276	138
0	162	168	98
0	108	152	133
21	105	176	155
0	0	104	94
0	0	55	58
0	0	23	31
6	5	44	29
0	0	64	52
0	0	44	37
19	9	51	20
22	9	65	16
18	9	67	20
15	8	72	28
22	7	68	34
20	3	75	38
25	2	68	47
16	0	84	69
7	0	94	45
0	5	67	87
0	0	69	120
0	0	34	56
0	5	48	68
0	5	71	95
0	0	33	50
1	4	53	71
0	9	84	91
0	87	44	127
0	116	81	140
16	142	107	97
23	140	93	99
29	148	77	90
12	159	95	95
34	155	74	91
130	63	72	84
162	141	104	96
166	143	87	106
179	153	70	92
164	155	98	99
179	149	83	104
155	140	127	120
130	149	190	111
1	0	182	114
0	0	60	74
7	24	68	35
12	27	55	30
22	28	30	28
15	32	38	25
9	0	38	61
23	29	41	31
21	23	44	29
12	22	50	29
20	18	44	34
13	16	54	32
24	15	42	35
18	15	43	36
17	11	47	40
6	0	63	55
11	5	36	31
6	6	31	29
0	0	44	39
0	0	38	72
17	45	29	66
0	45	46	91
0	67	71	107
22	131	105	82
11	141	141	72
131	123	75	125
118	155	123	105
0	8	173	135
0	115	160	145
0	134	151	126
0	124	122	136
0	141	121	119
0	117	110	143
0	135	112	125
0	151	113	109
101	147	99	113
73	153	166	107
47	122	198	138
180	45	166	154
138	20	208	199
56	4	290	250
217	23	129	163
150	8	182	198
152	29	186	179
130	15	216	200
181	26	158	153
197	21	141	144
205	31	137	140
194	33	152	139
187	20	159	163
193	16	153	187
221	42	125	116
216	20	130	185
239	39	105	142
264	33	69	157
219	8	127	198
273	51	73	119
241	10	105	181
72	0	150	125
199	25	147	86
258	15	88	97
270	0	76	132
273	0	73	123
194	4	150	157
158	126	165	134
112	105	226	155
119	114	227	146
74	109	272	151
36	98	310	162
101	130	245	130
103	102	228	158
111	103	213	157
89	106	257	154
84	132	262	128
0	110	178	150
67	113	236	147
56	131	274	129
75	121	217	139
243	37	103	132
227	0	119	185
209	0	137	180
108	61	192	183
202	0	144	208
88	24	191	236
79	52	233	208
60	24	286	236
64	9	282	246
156	14	190	180
94	0	252	218
117	0	229	227
135	0	211	192
120	0	226	195
137	0	209	223
145	3	194	222
190	17	156	181
182	23	164	169
160	30	186	188
249	52	97	140
263	15	83	157
219	0	127	213
98	153	154	107
66	144	208	116
40	145	260	115
0	66	57	106
24	131	66	109
0	30	68	141
0	0	62	87
0	76	38	64
0	14	37	93
0	70	42	87
0	79	56	99
4	106	91	154
89	109	126	151
69	96	203	156
0	74	300	186
49	131	241	129
26	94	193	150
110	88	115	129
83	124	221	136
0	0	80	82
0	87	51	82
0	128	70	99
0	17	68	133
0	126	74	109
0	27	34	104
0	0	21	51
0	20	43	32
24	17	42	62
69	17	32	48
102	31	36	39
83	29	83	50
85	21	120	70
128	5	137	109
92	0	230	177
218	64	128	157
165	10	181	247
0	0	81	82
0	86	36	60
0	79	43	71
0	71	53	97
32	159	60	80
108	78	70	84
135	153	108	91
103	140	156	120
69	150	215	110
40	138	261	122
0	0	77	82
0	88	66	73
26	152	78	100
126	154	53	75
141	156	60	63
141	150	72	68
137	145	104	108
113	140	208	120
88	126	243	134
20	88	221	163
0	67	257	193
0	71	299	189
58	134	222	126
0	77	156	166
100	131	194	129
166	0	171	126
244	40	102	142
222	0	124	196
76	117	187	143
40	132	219	128
43	140	213	120
2	137	253	123
40	112	247	148
226	25	120	184
204	8	139	202
221	0	106	177
176	0	160	206
187	0	147	182
236	19	110	180
205	0	141	215
255	35	91	148
276	27	70	136
280	39	66	99
275	13	71	156
265	13	80	133
272	25	74	107
267	25	79	99
260	22	86	94
278	19	68	122
260	1	86	160
132	110	95	149
85	100	187	160
25	111	225	149
9	136	235	124
0	0	145	135
79	102	166	148
0	38	183	201
0	110	164	134
38	112	149	148
0	125	147	135
0	0	107	138
110	130	115	118
65	106	200	142
269	18	77	101
243	2	84	129
256	22	69	116
267	19	71	113
227	0	119	183
92	124	166	136
0	75	175	166
44	176	171	84
0	12	164	133
0	168	115	92
140	47	78	94
2	0	118	65
0	79	46	76
61	123	29	57
67	137	28	40
65	137	37	42
72	132	29	55
76	129	30	62
79	120	31	65
86	115	30	68
91	125	36	68
101	136	41	64
114	136	34	67
118	144	46	65
130	144	46	65
137	144	40	73
134	153	62	61
148	155	43	59
146	158	48	63
156	170	54	85
137	136	81	121
133	159	70	98
121	155	135	105
97	149	173	111
0	0	144	119
83	40	107	95
0	0	119	105
0	0	47	62
0	50	31	60
0	48	29	83
0	52	30	107
0	83	59	126
19	135	102	125
123	134	91	106
95	118	156	142
0	137	182	123
0	70	52	108
0	119	68	112
3	132	134	128
79	123	161	137
251	0	95	87
270	7	69	97
254	0	77	118
269	8	58	107
267	3	55	103
256	70	71	93
255	69	54	128
151	133	110	127
73	97	188	163
91	32	173	219
77	41	207	219
0	0	137	123
76	101	150	159
0	0	140	123
69	105	168	150
75	110	151	135
50	90	176	167
35	94	189	141
0	0	142	133
0	0	131	116
108	124	158	126
48	111	234	149
49	150	243	110
0	0	78	84
14	69	38	69
23	62	28	93
17	64	39	96
14	69	68	131
26	125	120	135
8	143	165	117
17	169	195	91
208	3	124	113
131	22	134	144
0	0	155	102
15	128	175	122
61	136	175	124
11	109	211	151
101	0	204	107
25	147	200	113
65	88	126	164
93	124	88	92
78	137	90	90
53	132	130	96
58	122	128	120
58	139	155	121
43	117	134	126
39	115	161	122
48	61	193	187
75	75	169	158
51	48	236	202
84	80	171	145
70	115	203	145
61	130	222	130
0	0	78	79
0	0	32	44
8	7	42	48
12	0	38	35
10	10	42	30
13	12	43	30
12	12	48	28
15	7	49	33
15	5	52	31
15	5	58	38
13	5	70	45
14	2	99	85
0	84	99	95
55	146	108	114
5	173	142	87
42	166	128	94
72	152	122	89
80	137	136	101
40	123	197	137
0	0	81	82
40	69	74	80
0	0	70	87
26	62	95	107
60	0	124	101
184	0	100	84
230	32	110	77
111	0	99	58
6	0	101	39
45	0	68	41
17	1	101	68
0	0	105	56
6	0	98	52
0	0	32	37
11	21	24	31
8	15	38	52
14	12	54	68
0	0	40	46
14	0	56	57
24	2	55	62
0	0	42	38
12	0	53	56
23	4	45	62
0	0	49	50
26	10	40	49
0	0	40	35
20	19	52	29
20	7	67	60
96	0	60	37
132	31	55	50
114	18	105	87
119	21	106	92
8	93	131	116
0	0	53	79
56	14	22	36
51	15	38	29
54	14	38	32
42	16	65	35
57	19	48	33
53	21	69	26
53	21	73	33
66	22	58	25
63	20	70	24
64	19	69	26
78	16	33	24
83	10	27	26
80	10	37	24
83	8	35	23
80	5	37	32
74	12	59	31
70	3	63	48
80	0	93	74
166	24	46	45
148	4	85	72
56	0	121	71
0	0	103	69
49	69	114	96
4	61	185	199
74	71	272	166
65	66	281	183
0	0	80	81
6	85	103	85
0	0	77	131
0	0	39	59
27	10	48	57
0	0	43	41
31	15	39	50
20	10	57	66
32	73	72	63
24	60	62	106
48	75	49	77
56	73	51	91
57	94	46	69
60	95	58	77
66	113	58	73
84	116	58	93
81	136	103	72
74	148	165	88
134	136	85	79
134	157	88	65
144	164	70	55
164	178	36	55
158	176	47	50
144	179	72	52
145	183	73	56
136	184	34	44
110	183	64	49
89	179	89	54
95	161	113	65
54	130	191	130
32	37	272	199
23	53	267	181
33	39	261	198
22	21	276	239
88	0	239	204
0	0	76	82
0	0	32	45
25	19	20	32
16	22	39	34
21	19	37	34
18	20	46	37
21	21	45	39
25	21	56	52
13	9	95	95
21	6	68	149
43	58	57	119
53	72	53	88
56	87	51	66
57	84	60	76
42	63	80	145
28	63	116	174
0	0	63	82
46	84	99	67
47	107	111	136
47	75	105	179
21	81	161	179
21	119	192	141
15	118	220	142
0	0	143	103
0	0	49	64
0	0	37	40
0	0	29	21
4	0	19	18
2	0	36	30
0	23	55	41
0	25	29	75
29	23	42	83
0	26	93	96
121	0	75	63
70	53	90	89
55	132	145	114
81	79	203	146
37	20	275	226
51	34	253	220
62	32	235	227
0	0	82	79
0	22	100	108
132	0	81	68
71	0	171	112
37	132	254	128
0	146	169	114
96	124	96	121
42	131	173	129
92	125	126	122
88	140	117	102
0	10	72	109
50	0	97	149
92	137	158	123
255	0	91	101
212	70	98	129
114	139	129	121
79	95	215	155
97	57	249	164
0	0	155	122
111	93	53	86
113	89	56	63
109	86	63	58
110	79	60	63
116	71	54	71
119	62	56	75
91	43	101	127
24	146	141	114
16	130	149	130
8	134	165	126
9	110	174	150
11	94	188	166
0	83	212	177
0	81	210	174
11	84	231	176
60	25	279	207
81	64	250	185
98	109	248	151
47	73	172	166
0	120	137	140
80	125	179	135
56	108	258	152
0	96	153	164
0	145	77	115
0	134	63	122
0	120	66	135
0	118	72	142
0	136	67	118
0	138	68	119
0	139	74	118
0	165	63	95
0	139	83	111
15	170	97	90
7	176	140	84
156	44	92	96
177	14	109	129
183	39	87	83
158	9	130	129
38	107	180	153
15	128	219	132
13	126	266	134
0	0	83	84
82	98	45	46
69	92	74	82
99	154	123	106
42	167	198	93
0	0	77	116
69	93	101	107
0	0	109	128
0	0	46	66
2	7	53	73
67	9	51	93
0	0	64	52
12	55	21	33
12	46	22	40
12	44	24	39
15	41	24	43
15	42	22	41
13	38	22	43
13	39	23	45
12	38	23	45
12	37	22	44
11	39	23	39
8	36	29	39
11	40	22	34
7	38	22	39
5	40	21	37
0	27	37	54
0	16	21	84
20	12	51	96
9	20	84	109
43	138	102	97
0	167	108	93
11	132	113	106
1	135	150	125
0	0	58	101
81	89	64	94
0	128	133	121
0	0	54	101
97	31	27	40
88	38	39	29
89	39	53	33
90	42	59	33
98	43	43	33
98	47	55	31
106	46	48	37
90	38	79	86
77	12	144	169
125	38	174	152
96	15	208	170
116	34	196	134
168	42	145	97
184	17	144	138
0	0	143	82
81	109	142	96
94	173	184	87
58	170	208	90
16	175	195	85
29	156	193	104
18	157	197	103
34	142	178	118
15	151	215	109
0	120	235	140
60	89	284	171
70	58	276	202
91	69	245	190
91	37	250	223
100	54	224	204
102	42	221	216
20	116	237	144
115	60	207	165
0	0	81	82
8	23	110	106
0	0	82	85
11	23	103	109
0	0	43	67
0	0	38	36
0	0	23	22
1	0	17	22
0	0	19	17
2	0	14	18
0	0	19	17
1	0	17	19
0	0	22	18
0	0	21	20
1	0	24	16
5	0	22	14
7	0	22	11
0	0	25	17
11	0	28	26
9	0	46	42
0	7	81	72
1	32	109	101
138	0	82	69
46	85	122	72
94	77	97	153
63	34	231	208
95	116	226	144
62	121	264	139
89	85	227	175
67	81	263	178
103	99	183	142
67	110	214	150
0	98	206	162
0	134	169	126
0	153	121	107
0	166	101	94
130	56	72	87
31	94	136	114
0	0	60	81
17	1	72	121
8	20	103	117
0	0	85	101
0	19	103	125
87	99	89	155
206	57	89	93
159	44	117	78
155	43	130	73
154	37	153	95
181	42	114	80
167	38	139	87
187	21	111	126
277	0	69	78
221	19	100	105
214	118	112	116
194	120	148	140
146	146	171	114
2	136	199	124
0	92	185	168
0	111	163	149
112	111	156	147
37	43	275	194
65	107	161	115
56	90	141	124
113	128	153	132
35	86	235	154
39	119	215	141
30	122	233	138
32	115	212	145
0	99	263	161
18	119	238	141
26	131	215	129
64	132	208	128
36	143	230	117
85	149	197	111
51	153	241	107
109	145	195	115
119	116	189	144
174	51	145	202
184	58	116	202
166	74	161	186
0	0	95	81
0	0	38	49
48	0	42	29
26	0	62	26
25	22	74	44
0	0	31	37
26	22	23	26
24	25	31	29
23	21	31	32
17	25	42	30
16	22	36	31
14	21	34	32
12	15	41	44
30	8	76	61
15	0	146	112
183	0	110	68
199	23	144	98
142	105	138	150
88	130	192	130
37	141	271	119
24	93	240	167
22	104	202	156
0	0	159	124
133	138	133	122
105	112	211	148
98	113	210	147
90	137	243	123
57	136	231	124
0	0	81	81
0	77	44	85
11	0	60	106
0	98	45	81
0	85	69	136
38	145	137	115
119	146	151	114
0	140	210	120
0	0	66	84
8	86	48	59
73	18	45	77
0	79	58	68
0	97	32	74
31	94	28	63
25	95	36	57
23	88	50	69
0	88	34	71
57	33	38	69
0	66	86	93
0	0	36	68
7	0	32	52
6	0	35	45
1	0	46	45
0	59	34	37
29	56	22	65
21	51	30	79
16	53	29	99
6	52	35	94
2	47	37	99
0	44	36	108
0	56	23	125
0	91	23	103
0	110	54	111
12	142	80	118
0	39	41	101
0	80	16	103
0	129	33	76
6	150	52	104
0	79	29	77
0	91	23	72
0	81	27	75
0	80	31	96
0	39	33	88
0	0	36	82
0	0	20	34
0	9	34	34
18	13	37	51
0	0	36	44
16	23	45	36
13	24	41	35
8	21	49	49
7	22	79	84
0	0	33	52
7	23	38	45
14	28	47	68
0	0	23	43
17	16	32	43
0	21	50	40
10	22	31	35
9	22	30	23
8	20	43	25
15	15	27	28
3	9	44	38
11	10	34	33
16	12	61	31
2	0	86	62
0	0	89	50
0	0	30	35
5	19	43	25
7	17	58	35
28	11	56	63
0	0	30	37
9	24	46	20
14	19	55	28
12	14	68	35
14	0	71	59
0	10	80	89
0	0	59	62
0	0	22	33
10	8	36	31
9	12	47	26
21	7	64	39
0	4	54	63
0	0	25	36
0	5	37	44
0	5	48	59
0	0	63	82
0	0	50	58
15	11	53	45
0	8	54	70
0	3	60	74
0	1	70	105
0	7	81	105
0	0	38	56
16	17	39	39
24	17	27	34
21	17	33	36
18	10	37	45
23	11	39	44
0	0	21	27
0	9	32	26
21	9	22	28
21	8	31	33
16	11	40	37
11	9	38	41
15	3	31	43
1	2	50	53
2	5	24	44
0	10	21	36
5	0	21	34
0	0	25	32
0	5	18	21
0	10	14	15
0	10	15	25
0	13	13	43
0	18	20	56
0	0	21	43
36	0	22	19
39	11	33	22
70	0	33	19
55	8	59	37
4	0	68	46
61	8	46	51
40	0	73	69
116	0	84	46
145	20	90	34
167	17	94	54
144	23	107	45
127	24	121	46
142	26	105	50
147	25	108	59
165	25	129	86
169	19	177	134
198	13	143	171
271	47	75	150
245	22	101	191
265	29	81	187
118	0	99	124
0	0	94	63
0	0	58	52
0	0	22	36
0	0	16	22
0	4	18	31
0	0	10	33
4	11	27	19
0	7	29	25
0	0	23	41
5	1	35	41
0	0	30	28
7	10	48	24
0	9	38	48
0	0	27	39
0	17	32	16
17	23	30	12
0	24	28	15
4	27	31	14
18	30	31	13
19	30	42	16
28	32	41	22
0	10	40	47
1	5	27	33
6	1	26	35
12	0	23	35
17	0	22	31
22	0	19	26
19	0	26	24
5	4	52	30
0	0	52	30
16	0	58	45
6	0	69	35
0	0	40	52
0	0	45	59
0	0	48	61
13	13	58	40
0	0	50	65
0	2	45	77
0	13	34	40
0	11	25	32
0	15	24	34
3	15	25	34
4	8	14	38
5	4	16	28
3	0	22	31
2	0	27	31
0	0	35	28
0	0	29	27
0	14	43	19
0	17	40	18
0	19	43	21
0	23	41	16
16	26	34	13
6	25	41	13
20	28	34	14
15	29	45	16
18	28	43	20
0	0	30	40
0	0	26	31
0	0	10	26
0	1	10	15
0	0	12	17
0	0	13	15
0	0	16	12
0	0	18	15
2	0	16	19
1	5	16	22
3	0	23	35
2	0	46	39
0	0	48	31
0	0	54	29
0	0	58	27
55	0	39	23
53	0	74	29
86	0	50	27
59	0	65	33
57	0	64	33
58	0	54	28
54	0	59	33
53	0	47	25
47	2	45	25
40	1	46	27
37	0	49	26
58	7	50	51
45	15	99	73
69	0	141	145
4	0	238	208
64	1	282	239
92	2	254	215
164	26	182	200
0	0	91	82
36	0	124	99
160	13	83	101
160	17	106	84
145	1	136	127
154	15	192	185
157	10	189	221
164	7	163	175
166	15	149	179
210	19	124	164
201	18	122	171
212	32	104	98
211	42	125	71
230	39	96	64
224	26	104	73
238	29	92	69
240	19	74	67
233	10	92	76
241	18	76	69
239	11	93	105
216	0	130	169
143	90	117	170
0	97	154	150
0	91	115	138
0	92	104	139
20	107	132	153
17	127	194	133
33	72	244	188
26	113	284	147
0	0	163	123
97	0	160	91
198	6	127	132
173	2	158	211
130	0	182	234
109	10	208	215
102	41	244	196
104	18	223	202
0	121	189	139
0	123	167	137
6	0	185	120
0	0	131	119
0	0	86	81
18	0	105	110
98	0	96	87
134	27	138	49
154	22	107	57
149	21	111	68
123	19	156	89
119	15	156	136
115	16	206	175
127	23	215	175
0	165	164	95
3	137	85	116
30	142	53	86
29	136	62	95
31	139	59	92
26	127	79	124
35	127	75	124
10	118	125	142
1	82	177	178
125	87	203	173
113	92	218	168
104	76	212	184
105	112	231	148
0	112	180	148
0	121	150	139
0	113	128	147
0	117	111	143
0	132	101	128
0	155	54	103
32	136	30	58
26	134	50	44
25	135	53	50
23	121	54	96
23	125	68	122
17	135	84	125
5	164	120	96
10	165	128	95
0	157	104	103
0	142	104	118
0	144	108	116
35	138	56	80
27	146	64	85
14	147	89	101
12	143	97	113
9	144	111	115
0	148	153	112
30	145	115	115
34	148	87	112
113	167	66	50
136	160	54	58
150	160	57	54
157	163	81	58
184	163	49	49
178	147	70	84
185	144	102	106
195	122	124	115
229	27	117	199
190	105	131	155
173	116	168	144
159	113	187	147
153	126	193	134
0	138	204	122
219	0	127	88
232	17	84	82
210	23	113	75
208	33	92	67
189	27	113	77
190	12	111	115
145	15	198	182
278	86	68	108
164	45	124	147
115	21	207	226
116	39	213	166
239	78	107	126
149	2	194	234
85	63	246	176
70	45	276	201
90	59	256	187
49	63	228	184
30	29	283	185
0	0	85	84
79	31	76	41
118	28	107	54
128	21	105	68
121	11	137	96
271	57	75	106
276	49	70	148
284	50	62	160
259	35	87	177
189	0	139	105
134	20	183	144
0	167	164	93
0	154	99	106
0	141	96	119
0	144	87	116
17	137	60	115
14	128	67	132
15	152	139	108
3	135	194	125
0	121	116	139
14	118	165	142
0	116	87	125
13	146	141	114
82	141	190	119
0	96	141	164
0	136	143	124
0	118	70	113
5	120	101	140
0	0	95	150
0	113	100	143
0	116	57	115
0	118	67	120
0	112	131	148
0	105	186	155
0	128	164	132
28	179	167	81
0	174	170	86
0	139	69	105
5	120	57	133
10	124	57	134
14	127	55	125
20	135	49	117
22	138	48	104
25	139	51	93
30	144	47	96
33	151	47	85
21	150	68	100
29	132	62	121
5	128	107	132
0	145	101	115
3	143	107	117
0	147	146	113
0	140	118	120
0	108	148	152
0	129	113	131
0	131	93	129
16	162	118	98
40	152	147	108
0	143	105	116
9	117	102	142
0	0	101	158
147	59	75	113
132	42	177	157
190	75	153	163
117	17	229	226
124	70	222	190
125	75	221	185
144	72	202	168
0	73	201	165
16	51	197	177
140	111	206	149
0	0	100	82
106	27	74	66
126	37	105	46
151	20	135	83
151	0	182	150
0	0	178	138
0	173	90	87
5	171	55	89
17	182	42	75
8	182	61	78
11	174	62	86
15	169	69	88
18	163	71	97
23	167	63	86
28	166	62	82
29	150	68	94
32	127	80	123
18	121	110	139
0	112	135	148
0	132	125	128
18	115	160	145
0	120	99	140
10	107	151	153
0	126	125	134
0	122	85	127
0	102	102	149
0	123	105	137
0	112	166	148
0	120	149	140
0	158	104	102
0	146	117	114
0	155	118	105
0	158	121	102
29	148	150	112
0	169	85	91
29	156	92	99
135	43	94	105
84	21	155	137
222	17	124	120
149	0	176	216
102	10	244	218
116	0	230	190
78	0	268	208
52	21	294	175
65	0	233	128
62	0	248	208
59	0	230	220
64	0	225	233
49	0	257	227
35	0	277	221
48	0	258	226
32	9	302	223
11	0	324	244
9	0	336	247
46	4	273	243
62	125	179	135
63	120	208	140
38	140	172	120
79	162	121	98
90	152	98	107
34	118	164	138
7	118	251	142
20	128	226	132
