158	131	22	57
146	86	62	64
67	17	100	101
0	0	94	103
30	0	99	73
0	0	115	59
17	0	97	54
3	0	93	48
7	0	84	42
23	17	72	58
5	0	87	51
5	0	82	44
4	0	71	55
0	0	45	57
11	21	66	66
93	0	58	45
146	0	64	30
142	4	83	53
59	0	112	63
166	0	91	43
107	0	120	54
213	0	88	42
141	0	113	52
139	0	134	64
134	0	137	61
44	0	137	77
179	0	106	53
95	0	122	64
209	0	95	46
161	0	120	57
271	0	75	43
216	0	66	50
142	0	99	54
233	0	84	39
167	0	102	49
103	0	93	62
195	0	83	42
137	0	83	50
219	0	67	34
282	0	53	25
251	0	51	24
245	0	56	25
295	0	43	20
330	8	16	29
315	5	31	49
301	0	41	30
310	9	36	48
291	45	44	57
230	0	63	78
298	0	48	41
253	51	44	35
210	3	57	66
189	0	85	65
103	0	109	69
189	0	97	52
112	0	115	62
36	92	107	63
139	0	83	86
124	0	131	77
21	0	137	81
13	0	126	71
143	0	86	49
72	0	106	58
173	0	85	41
103	0	105	53
93	0	116	50
28	0	99	59
27	0	112	51
0	0	76	58
0	0	53	58
0	0	42	52
0	0	35	46
0	0	33	38
13	6	28	38
10	0	36	45
0	0	32	40
13	3	42	53
0	39	41	55
21	29	38	73
0	0	25	41
3	9	44	52
46	14	31	49
11	21	58	72
39	0	71	84
87	0	87	73
82	0	134	57
66	0	148	80
0	0	110	90
133	0	77	54
72	0	107	67
92	0	134	58
88	0	148	84
234	0	112	56
159	0	100	68
257	0	89	44
182	0	69	32
189	0	80	33
129	0	95	46
35	0	99	39
8	0	94	41
46	0	69	37
45	0	69	35
46	0	65	33
49	0	58	31
47	9	52	63
0	0	64	63
0	13	82	89
111	0	62	51
173	0	65	33
116	0	86	42
120	0	110	41
131	0	107	42
196	59	80	59
109	0	119	98
73	0	184	97
28	0	225	111
51	0	227	126
50	0	233	130
55	0	216	143
75	0	210	139
50	0	230	132
62	0	212	130
50	0	231	134
0	0	138	137
0	0	101	117
98	0	95	77
63	0	148	75
80	0	163	89
237	0	109	58
159	0	102	69
58	0	132	74
0	0	113	86
0	0	81	89
0	0	68	83
0	0	50	75
23	1	61	77
102	0	64	39
159	0	63	29
152	0	73	29
147	0	91	40
124	0	95	50
52	0	106	59
0	0	93	64
106	0	64	42
50	0	85	46
41	0	115	63
43	0	135	55
0	0	74	47
19	0	97	63
0	0	68	69
22	9	44	82
22	13	49	86
0	0	58	64
16	12	73	89
0	0	73	83
0	33	81	112
0	0	69	109
0	67	41	75
74	95	34	64
69	92	44	77
77	100	58	76
91	100	53	80
0	22	75	90
0	0	61	87
90	0	54	41
40	35	72	58
117	0	67	44
116	53	58	53
30	0	78	54
55	14	55	51
42	5	78	64
32	16	62	76
18	5	74	98
131	61	61	105
106	129	108	105
100	107	157	113
90	103	143	110
95	84	126	111
83	93	109	117
120	100	103	118
236	0	110	98
128	0	123	91
67	0	174	88
228	0	118	63
123	0	97	44
133	0	108	42
223	0	81	34
286	24	46	43
235	41	62	68
304	0	42	49
281	23	47	64
272	29	62	80
311	0	35	52
261	15	48	56
260	0	86	65
256	0	90	54
251	0	95	68
166	0	98	70
264	0	82	42
209	0	67	39
235	0	70	31
239	0	72	63
241	0	90	44
248	5	74	91
216	0	89	63
107	0	100	38
158	5	58	32
132	7	85	61
52	0	106	68
0	0	92	76
0	0	80	81
0	88	48	67
0	78	39	77
23	73	29	79
30	86	29	60
0	115	47	62
0	130	31	113
2	146	46	114
70	118	49	92
94	115	81	113
95	116	118	102
115	111	122	99
104	106	116	101
96	103	126	111
93	96	125	116
108	97	118	137
241	0	105	88
300	0	46	54
264	41	49	58
247	63	65	102
236	76	70	95
293	0	53	91
245	0	101	126
111	0	137	109
252	0	94	66
169	0	98	73
64	0	148	75
60	0	182	86
226	0	120	65
299	0	47	46
307	0	39	31
300	0	28	18
306	0	18	12
307	0	13	14
306	0	14	15
307	0	15	16
307	1	17	17
309	0	22	21
320	0	26	19
323	0	23	20
323	0	23	16
323	0	23	18
323	4	11	15
325	5	14	15
327	3	12	16
327	2	18	14
334	0	12	11
334	1	10	12
333	0	10	13
332	0	14	13
336	0	10	13
336	1	10	14
336	0	10	10
336	0	10	10
336	0	10	10
336	0	10	10
323	0	14	10
316	3	26	16
306	0	32	22
316	19	30	33
304	0	35	30
311	14	33	39
316	19	28	56
320	28	24	71
316	37	30	77
245	0	44	54
180	0	84	48
105	0	118	55
210	0	92	41
173	0	99	40
109	0	116	54
26	0	124	48
130	0	84	40
169	45	68	58
94	0	104	78
0	0	140	71
126	0	89	57
67	0	131	60
0	0	67	45
0	0	84	80
104	0	64	47
33	0	95	58
0	7	117	90
118	0	84	84
63	0	137	59
61	0	142	59
182	0	103	46
114	0	107	57
5	37	113	59
120	0	74	54
41	3	107	85
0	0	113	67
0	0	71	75
0	0	59	68
0	0	52	60
0	30	34	76
0	63	32	80
59	12	35	67
16	0	84	67
0	2	59	94
0	16	52	78
7	0	47	86
0	0	51	74
3	0	64	68
0	0	49	67
7	0	53	66
10	0	41	65
7	3	50	83
0	68	52	64
46	96	49	95
48	83	83	115
45	89	98	137
177	0	104	90
50	0	165	80
0	0	135	71
0	0	118	63
122	0	70	45
159	38	72	69
70	0	121	80
166	0	115	60
273	0	73	43
255	0	84	52
202	0	86	44
167	0	93	42
120	0	103	40
66	0	100	40
0	0	106	59
42	0	118	67
19	0	143	58
0	0	45	45
0	0	55	46
0	0	33	65
0	0	43	60
0	0	49	66
0	0	42	71
0	0	39	71
11	4	48	61
0	23	52	73
0	54	32	82
13	0	49	83
0	61	56	72
0	0	46	91
0	0	51	68
19	41	71	80
110	0	66	57
86	0	102	44
81	0	119	66
76	0	140	71
0	0	78	48
13	0	82	70
18	0	83	50
0	0	66	60
0	0	67	68
1	0	52	71
2	0	53	68
4	0	51	57
4	0	39	87
6	2	32	81
0	0	38	96
0	33	40	80
57	99	39	67
50	85	55	103
38	87	89	108
35	82	93	125
160	0	95	92
30	0	168	81
187	0	112	60
95	0	134	73
222	0	103	50
145	0	127	64
263	0	83	45
253	11	86	76
152	0	114	75
259	0	87	51
244	17	99	87
221	0	120	107
201	0	145	115
58	0	159	120
7	0	195	130
0	0	124	133
166	0	92	71
258	0	88	43
261	2	66	88
182	0	80	59
102	0	109	60
0	0	100	42
22	37	95	86
137	0	79	60
90	0	117	49
0	0	99	38
0	42	49	66
0	71	39	82
0	75	40	88
0	116	44	66
12	106	39	78
0	98	36	74
0	68	37	103
0	63	34	78
32	123	44	52
83	116	35	65
88	101	74	97
59	106	108	94
66	101	90	96
52	87	117	111
62	85	103	132
54	94	114	124
44	84	103	139
178	0	112	86
285	0	61	52
224	0	66	52
208	0	93	41
200	0	105	56
178	0	119	52
284	0	62	40
282	0	64	49
272	0	74	57
198	0	82	63
281	0	65	40
270	6	69	60
268	0	78	69
248	0	91	76
248	0	98	85
245	0	101	91
139	0	115	88
30	0	145	89
180	0	105	58
94	0	129	65
0	0	94	46
41	14	67	70
0	0	93	56
0	19	63	72
0	65	58	83
0	0	25	75
4	4	55	87
0	10	69	103
50	103	85	84
85	91	98	118
100	84	136	121
73	64	163	152
90	61	154	141
16	29	213	209
0	37	173	188
33	38	154	162
79	44	136	137
84	55	130	133
72	45	130	113
78	44	149	149
248	0	98	86
216	48	79	78
296	0	50	60
246	6	68	89
236	46	56	67
266	0	75	85
242	0	98	85
299	0	47	49
273	0	54	39
223	14	44	54
144	0	66	31
108	37	59	39
63	0	71	44
0	0	84	51
40	0	75	62
123	0	66	36
73	0	68	42
13	0	83	33
0	36	55	49
7	0	62	100
0	0	59	72
0	0	88	95
0	0	68	85
15	0	65	99
0	0	65	80
0	0	50	72
0	0	46	63
66	0	44	33
53	0	64	27
50	0	69	27
6	0	72	36
46	0	60	34
37	0	72	30
103	46	49	39
122	43	49	63
119	32	70	91
202	0	90	57
287	0	59	37
264	12	57	58
273	0	73	47
263	4	72	63
276	0	70	66
252	0	92	69
274	0	72	72
247	0	84	52
182	23	89	71
59	81	119	74
0	0	79	97
0	0	33	50
24	10	53	58
0	0	54	52
0	0	19	30
0	15	29	36
0	9	20	66
0	0	20	75
0	13	33	83
0	26	50	108
0	39	61	109
25	121	59	100
30	106	47	102
28	107	60	99
36	106	51	91
39	112	40	77
40	102	45	88
36	79	73	114
40	80	82	119
0	0	102	145
0	0	93	115
72	55	85	116
168	0	118	75
96	60	130	81
223	0	113	75
293	0	53	49
260	4	66	72
200	38	104	80
284	0	62	63
244	0	93	78
299	0	47	47
283	0	53	56
229	1	78	85
295	0	51	47
267	0	59	57
229	0	80	42
222	0	94	40
142	25	87	49
70	0	103	68
0	0	62	50
0	0	42	46
13	8	47	63
78	0	45	34
26	0	67	38
0	36	54	49
0	56	50	89
0	127	34	78
4	130	53	111
19	123	52	137
24	119	66	135
38	21	94	115
93	68	117	135
226	0	120	82
112	84	90	75
100	55	112	129
95	44	139	138
75	47	197	176
58	35	208	166
62	33	174	153
78	43	153	129
101	43	122	117
107	41	136	125
103	46	124	97
107	46	107	92
111	46	94	93
99	35	89	107
89	30	108	121
0	0	121	126
64	42	105	138
20	42	151	167
218	0	128	82
190	0	153	102
186	0	89	88
191	16	65	54
250	0	67	38
194	0	81	63
92	28	85	58
13	0	106	73
133	0	72	45
93	60	61	37
41	0	71	66
0	0	72	61
86	0	55	38
79	50	65	41
79	0	76	58
11	55	99	64
61	111	84	83
53	97	113	131
192	0	115	91
287	0	59	54
266	4	68	85
202	0	88	59
123	0	113	60
230	0	86	42
172	0	86	47
84	0	88	32
20	0	73	26
37	24	70	48
115	66	56	69
90	72	93	98
94	55	99	124
77	48	125	137
80	48	130	136
74	42	122	127
62	35	131	128
65	41	104	126
67	40	110	135
49	31	124	149
207	0	124	83
213	0	127	69
297	0	49	48
263	0	61	44
211	1	92	77
185	0	124	62
184	0	132	58
175	0	134	72
288	0	58	50
226	0	71	52
132	28	91	51
219	0	75	44
161	42	90	60
82	0	111	83
198	0	101	50
101	0	100	37
42	0	99	51
136	0	73	36
77	0	86	40
0	0	78	31
8	19	82	66
103	0	62	46
38	0	83	35
0	45	79	45
0	72	53	83
26	74	71	120
4	109	128	140
94	59	90	125
89	40	109	140
78	41	118	136
94	35	102	129
83	33	103	116
92	36	115	105
0	0	132	115
65	31	93	117
0	0	104	114
0	0	45	60
29	12	28	65
0	0	22	31
0	22	32	33
17	7	39	71
12	18	54	81
0	25	58	77
15	0	64	60
0	0	30	33
23	4	39	48
31	4	45	49
0	1	71	74
95	0	53	39
116	56	61	38
63	0	73	77
145	0	77	41
93	0	90	45
177	0	67	31
194	38	46	42
176	60	61	56
162	56	70	90
246	0	83	63
176	40	96	74
105	55	115	99
106	40	113	131
126	52	85	110
121	37	97	116
118	21	126	128
0	0	155	125
0	0	130	125
162	0	105	70
107	5	139	102
0	0	146	106
83	108	105	125
67	77	100	144
0	0	61	82
50	40	74	100
49	34	96	142
54	60	90	148
44	83	106	147
51	71	78	112
34	60	95	148
29	72	99	157
19	62	118	178
12	49	137	192
21	77	100	146
0	64	105	165
0	83	104	142
0	83	94	140
0	98	80	152
130	0	80	107
228	0	97	53
302	0	44	38
263	0	46	30
236	27	47	41
196	49	54	57
153	0	82	64
47	0	96	37
0	0	79	34
0	0	45	41
15	0	54	56
0	64	44	46
19	35	59	95
25	114	62	70
0	75	121	156
47	78	144	172
87	50	104	138
81	30	145	170
87	0	231	200
48	0	226	176
47	0	228	190
97	7	133	137
95	10	120	128
101	7	103	127
73	0	146	146
77	25	106	130
50	57	115	165
0	0	117	139
25	22	114	150
35	53	101	148
0	0	93	136
0	0	84	110
0	0	81	90
0	52	113	105
67	155	75	103
98	147	107	94
106	145	116	110
108	158	120	101
115	161	129	99
245	28	101	101
131	0	117	104
0	0	114	58
0	0	35	41
6	0	59	56
78	0	50	30
59	22	83	45
139	0	64	37
105	48	55	38
161	0	49	44
90	0	63	26
49	2	68	46
10	0	87	38
0	0	78	54
67	78	59	43
5	95	74	69
19	59	92	143
51	72	60	125
39	55	90	139
41	56	90	130
48	51	72	128
44	47	76	112
35	22	98	143
32	26	120	151
192	0	118	82
111	33	95	72
113	25	78	83
110	10	69	100
110	21	72	70
102	17	74	76
101	18	74	76
97	16	75	84
179	0	92	50
262	0	76	35
239	0	92	59
174	0	106	55
265	0	81	43
229	0	91	59
175	0	103	54
140	0	120	54
249	0	84	40
189	0	79	52
117	0	104	56
216	0	83	39
213	0	87	37
161	10	77	66
245	0	74	41
168	0	76	29
126	0	77	37
73	57	63	38
136	0	51	53
74	0	71	46
20	43	84	59
114	0	61	50
39	0	78	34
34	0	104	71
143	0	83	46
78	0	94	53
0	64	96	50
0	0	31	57
15	0	54	70
0	0	71	78
0	0	58	70
0	39	52	70
0	0	68	138
0	43	65	119
0	6	66	178
126	72	43	103
112	63	69	89
107	46	83	111
112	25	99	137
102	27	122	127
101	26	140	131
0	0	147	137
88	27	106	114
69	27	135	112
62	31	145	127
163	0	150	102
0	0	144	67
0	0	84	76
24	0	88	56
0	0	36	38
12	3	38	55
0	0	22	28
13	0	31	33
23	13	59	51
0	22	57	62
2	0	47	86
2	4	49	90
88	98	39	50
65	90	59	84
54	108	56	77
20	109	98	99
0	120	86	133
0	96	85	164
0	123	49	105
0	110	55	106
28	128	52	132
25	108	55	137
27	105	57	146
27	101	63	144
24	88	68	142
26	75	60	151
20	61	89	177
22	76	90	139
29	62	80	158
19	36	113	177
19	24	119	182
49	43	118	158
53	36	122	164
47	30	105	179
45	41	106	187
60	41	106	142
70	61	90	127
80	36	108	151
88	38	94	146
0	0	129	130
36	0	146	94
71	36	107	118
67	57	105	117
65	52	108	147
48	75	148	158
0	94	144	151
0	103	105	136
0	121	84	139
0	115	72	129
47	0	114	163
0	0	107	128
151	0	82	66
237	0	76	39
221	0	83	36
176	45	84	51
256	0	70	49
241	0	75	37
250	38	72	59
246	32	79	101
298	0	48	64
272	11	60	97
255	0	86	63
309	0	37	39
277	21	45	54
266	49	29	51
259	35	43	62
206	79	91	72
177	59	114	118
57	54	140	137
57	25	184	178
41	32	227	144
0	0	151	139
51	10	153	201
56	16	158	170
62	28	116	159
43	42	135	146
30	53	142	139
20	45	130	157
0	42	109	168
5	85	98	163
3	110	95	135
0	105	70	118
0	14	66	147
0	28	32	90
0	31	45	80
72	0	40	45
26	2	48	50
2	0	61	79
33	79	82	74
129	0	71	81
105	0	111	53
30	0	113	64
141	0	85	44
219	0	69	32
247	0	67	31
207	0	80	42
151	0	91	47
236	0	68	33
296	0	50	24
265	2	39	35
213	31	77	45
180	62	87	89
112	65	135	120
71	27	196	180
80	30	199	175
81	47	159	116
118	49	166	144
122	31	175	164
256	0	90	84
211	31	108	100
213	30	110	108
216	15	109	124
209	11	105	139
284	0	62	72
238	2	96	107
194	0	134	130
282	0	64	71
189	42	73	54
185	10	77	93
62	0	168	87
218	0	128	62
148	0	104	58
61	0	132	68
185	0	101	47
91	0	99	36
163	53	70	63
240	0	71	53
183	54	82	62
115	79	100	101
228	0	105	82
189	0	109	64
291	0	55	44
266	0	54	32
220	33	65	43
280	0	62	37
263	33	40	40
269	28	55	51
216	54	86	99
179	58	110	126
112	44	134	167
69	32	206	184
95	53	138	149
88	59	134	135
98	56	100	135
85	56	120	133
81	54	112	132
76	60	114	129
48	55	138	160
43	65	156	174
241	0	105	85
194	0	121	114
160	0	151	87
278	0	68	60
220	0	77	82
113	0	130	81
241	0	105	52
164	25	55	60
84	0	99	61
179	0	88	41
257	0	70	30
263	7	83	56
223	6	68	92
294	0	52	49
250	4	77	83
290	0	56	73
229	5	69	103
213	0	115	69
214	0	113	61
177	0	109	56
90	0	127	59
206	0	94	44
145	0	103	54
67	0	117	63
176	0	92	44
116	65	89	51
102	120	87	65
86	89	100	101
78	76	91	128
74	53	135	158
61	50	178	161
53	58	219	152
36	30	239	198
32	39	209	178
23	23	190	195
2	47	238	177
1	66	249	157
112	0	234	139
255	0	91	85
200	27	86	91
172	0	165	98
163	0	171	86
282	0	64	60
235	0	81	64
140	0	117	72
255	0	91	47
177	0	73	33
165	39	62	51
104	0	86	64
17	0	110	64
62	0	115	69
0	0	100	72
114	0	68	45
32	0	81	29
35	14	109	67
0	0	82	83
0	65	81	82
0	143	40	88
0	119	36	120
0	87	45	151
0	66	66	191
0	109	48	100
5	75	93	142
0	66	125	168
0	51	123	156
54	42	102	162
21	54	151	165
41	62	144	156
30	39	162	169
25	60	173	151
37	51	186	181
252	0	94	86
163	85	98	81
256	0	90	88
208	4	116	135
285	0	61	73
242	0	66	74
178	10	112	114
146	0	165	88
131	0	186	112
269	0	77	75
183	0	92	79
137	0	146	65
265	0	81	50
282	18	64	68
261	13	73	90
261	33	80	112
150	0	98	84
16	0	150	64
158	0	91	49
66	0	92	33
28	0	61	59
0	7	66	66
0	57	31	53
0	83	50	61
70	15	41	73
6	65	79	62
0	121	36	72
1	91	60	108
0	109	68	106
79	92	52	101
58	88	72	92
36	73	101	102
32	48	111	156
0	77	119	144
18	51	98	141
31	42	91	145
160	0	102	85
155	0	163	69
275	0	71	55
229	0	73	43
164	0	110	54
73	0	130	68
192	0	100	49
112	33	119	83
232	0	104	62
266	0	80	50
256	9	87	72
180	0	86	60
72	0	105	38
0	0	80	31
0	3	69	76
87	0	60	45
68	0	91	37
0	47	75	43
80	0	50	43
8	0	67	25
0	27	44	41
0	25	34	61
0	16	35	64
0	0	48	82
18	72	59	62
7	68	98	107
58	50	97	159
42	44	141	150
37	37	165	170
17	35	184	153
58	30	183	156
40	38	185	150
253	0	93	81
195	35	71	104
282	0	64	61
227	0	72	47
141	19	83	62
48	0	122	67
165	0	97	46
225	0	71	53
181	0	96	44
147	0	98	42
83	0	101	39
30	0	83	54
0	0	38	34
3	0	44	57
9	0	46	80
20	0	63	45
0	16	63	65
80	0	51	42
7	0	69	27
0	0	72	63
0	77	48	54
0	57	46	97
0	48	102	137
77	30	112	190
69	44	122	150
56	34	154	161
62	16	133	182
40	40	155	148
27	37	165	160
202	0	139	121
196	0	147	90
70	0	152	105
0	105	143	109
0	133	90	127
0	28	80	139
126	0	77	73
8	45	110	61
0	0	62	91
0	0	72	58
32	0	77	46
58	68	80	49
138	0	66	63
57	0	100	41
146	0	70	32
83	0	66	24
47	0	95	55
140	0	75	36
88	0	81	46
25	0	90	54
0	0	71	59
0	0	52	63
0	0	50	63
42	47	56	64
41	75	92	93
144	0	78	116
110	58	91	94
106	39	71	124
92	46	74	113
80	43	87	127
51	42	123	139
36	42	126	147
47	57	123	132
41	57	121	156
57	103	64	97
45	118	67	94
31	114	79	134
18	163	86	97
0	162	103	98
125	45	82	98
219	0	97	66
132	0	112	74
242	0	97	49
234	0	91	45
167	24	86	76
257	0	89	54
181	13	79	81
92	67	130	96
223	0	123	84
121	55	140	105
103	30	173	184
80	53	230	157
76	33	246	165
107	22	186	174
122	24	146	158
130	23	111	140
106	0	188	182
129	1	157	169
122	17	135	134
63	0	183	105
226	0	120	111
110	18	117	117
0	0	159	115
181	0	117	71
280	0	66	49
262	7	71	80
273	0	73	84
262	0	84	87
289	0	57	79
254	0	92	87
230	51	76	97
295	0	51	67
223	5	68	89
295	0	51	48
244	0	59	35
199	35	69	44
142	0	87	64
104	0	112	50
207	0	81	38
147	0	92	41
228	0	68	31
227	38	63	49
289	0	57	42
259	24	45	62
311	0	35	38
272	30	33	44
258	30	58	52
197	55	84	78
94	0	126	101
97	49	122	93
90	32	114	116
87	29	130	128
232	0	114	80
230	41	74	75
222	31	91	98
243	0	103	105
220	24	97	109
286	0	60	66
232	0	100	83
202	0	144	84
290	0	56	58
254	0	70	56
219	0	95	43
153	6	111	74
260	0	86	49
313	0	33	35
274	0	40	33
240	0	57	27
200	27	58	45
139	0	77	43
212	0	64	30
202	30	62	54
268	0	64	41
252	4	83	79
207	92	82	68
290	0	56	91
266	0	70	54
308	0	38	52
270	36	40	42
204	0	60	38
181	45	54	44
239	0	49	43
184	31	57	48
127	53	76	70
118	56	95	101
120	45	95	114
119	30	106	139
110	28	128	129
95	33	142	134
0	0	148	123
83	12	115	130
66	11	152	134
73	19	169	168
247	0	99	87
240	0	106	102
245	0	101	111
117	0	136	101
253	0	93	64
217	0	129	88
195	0	149	111
178	0	153	90
283	0	63	60
201	1	64	56
172	12	76	65
248	0	81	45
311	0	35	32
302	0	44	32
299	0	46	28
291	8	52	43
246	0	54	38
232	36	71	49
230	0	89	54
227	0	94	47
158	0	95	44
72	0	88	32
31	10	79	49
80	84	66	47
148	92	37	60
120	67	87	92
8	0	134	118
85	63	120	113
215	0	128	83
177	78	113	99
51	0	150	136
100	44	89	116
90	48	100	109
99	47	73	88
102	46	70	86
89	41	77	87
67	33	97	97
74	35	88	94
0	0	80	70
81	48	44	66
66	39	67	96
146	0	90	61
235	0	83	39
154	10	95	50
239	0	76	39
160	13	91	50
244	0	74	40
166	28	78	57
245	0	73	45
185	42	77	62
263	0	76	52
211	0	69	60
283	0	63	35
302	19	44	48
289	8	47	70
239	0	64	48
186	48	80	56
264	0	75	51
244	0	65	42
192	36	63	54
117	0	95	61
8	0	103	39
0	14	82	73
44	0	82	61
114	75	57	55
177	2	61	75
256	90	63	52
311	12	35	78
246	0	50	62
172	0	86	53
119	69	107	51
72	59	94	98
55	35	105	126
58	39	101	121
47	38	137	137
206	0	131	86
290	0	56	56
224	8	70	87
295	0	51	48
266	0	71	52
188	26	60	65
256	0	67	43
210	44	64	50
276	0	61	44
229	42	57	53
140	0	81	45
76	0	93	51
164	0	72	34
118	0	66	39
61	13	78	54
139	0	69	38
66	0	73	27
32	29	64	48
0	0	61	64
76	0	44	60
4	63	89	43
0	20	104	118
18	162	89	95
0	101	81	133
0	73	80	149
21	116	94	144
139	70	68	114
137	42	80	122
132	26	93	123
123	15	110	110
109	13	123	125
240	0	106	76
242	0	96	62
303	0	43	43
277	3	45	63
265	16	71	83
260	14	62	85
289	0	57	83
277	0	69	76
289	0	57	75
247	11	51	86
297	0	49	46
241	0	52	59
181	3	97	79
281	0	65	49
230	13	49	56
285	0	58	32
280	5	54	65
237	23	50	61
293	0	53	38
258	31	38	45
247	28	46	53
247	0	73	48
311	0	35	31
331	29	12	20
333	31	10	13
333	28	10	16
332	26	10	19
325	23	18	30
330	16	16	41
336	19	10	27
328	24	18	39
328	27	18	55
322	18	24	60
304	0	42	60
245	6	64	74
156	0	105	70
258	0	88	44
177	6	83	56
259	0	76	36
259	0	69	35
219	21	67	48
288	0	58	36
249	10	49	59
192	37	64	55
167	0	89	55
254	0	77	36
313	0	33	27
286	13	28	40
270	14	47	52
219	56	63	54
130	0	79	57
124	52	91	68
102	38	109	101
90	22	142	132
247	0	99	83
222	36	79	78
296	0	50	58
262	4	64	80
298	8	48	65
247	0	87	82
242	0	104	64
260	0	86	76
240	0	106	87
296	0	50	53
271	0	55	39
212	6	51	57
201	16	49	53
137	0	81	53
54	66	91	50
142	0	71	59
218	0	71	35
281	0	58	25
270	0	53	25
235	28	47	35
262	34	38	44
219	50	57	63
196	80	84	88
288	0	58	85
244	27	43	79
211	33	73	96
293	0	53	61
314	0	32	61
314	17	31	50
298	14	43	61
287	0	59	64
226	29	41	79
130	0	80	42
63	57	80	44
140	0	63	52
71	0	90	53
154	0	80	37
143	0	82	35
96	0	68	46
22	0	97	56
0	0	71	62
0	17	63	70
0	32	57	84
42	93	57	76
47	88	78	90
141	0	86	96
235	0	103	55
156	0	109	62
77	0	131	52
115	0	128	52
227	0	89	41
303	0	43	32
286	0	44	26
280	0	59	23
273	0	71	29
269	0	77	36
310	0	36	29
307	0	21	17
310	0	14	16
311	0	14	13
312	0	13	14
314	2	14	12
313	1	14	14
312	1	13	14
309	2	12	13
307	1	11	13
306	0	10	14
305	0	10	14
304	0	10	10
297	0	14	14
287	0	23	22
258	0	39	24
220	0	59	28
271	0	48	22
296	16	41	32
286	11	52	55
263	0	71	64
183	0	92	59
75	0	105	38
20	0	92	48
113	0	61	33
106	0	74	32
56	0	77	31
12	0	69	38
0	41	44	44
0	0	32	50
46	22	29	60
87	0	43	32
81	31	46	37
35	66	58	50
97	0	59	66
17	0	96	57
0	0	69	64
87	0	50	35
31	0	77	38
0	0	67	46
0	0	22	30
0	1	18	31
0	0	19	27
0	0	20	24
0	0	11	21
5	18	24	17
0	21	18	32
0	0	23	39
0	0	23	31
11	20	20	28
9	12	39	47
42	46	36	41
83	0	41	49
39	53	54	35
4	70	53	54
72	0	42	72
0	61	60	47
72	0	41	60
19	47	64	50
0	0	52	72
0	0	43	61
8	0	54	48
45	60	50	44
99	0	49	60
20	55	73	45
95	0	55	53
40	53	76	50
0	83	69	90
9	59	77	139
0	68	82	153
0	0	59	95
0	0	53	74
57	0	50	41
114	24	35	37
99	7	65	79
14	0	100	67
0	0	61	66
37	0	65	55
35	0	91	44
118	0	71	31
144	40	56	47
203	0	56	41
237	0	67	44
229	11	107	67
210	29	116	107
211	0	135	132
58	0	158	125
0	0	141	115
0	144	84	102
0	86	55	109
0	77	54	104
0	69	66	110
0	67	65	137
111	0	66	93
189	0	90	47
216	0	95	78
204	8	125	110
199	0	140	89
100	93	138	103
236	0	110	82
211	21	127	115
285	0	61	76
201	5	94	93
142	86	110	100
257	0	89	89
234	8	108	118
291	0	55	70
212	0	83	67
212	17	134	92
203	44	118	136
59	75	144	166
234	0	112	85
207	18	131	127
197	0	149	142
274	0	72	83
239	26	86	99
264	15	81	110
290	14	56	109
216	33	80	118
190	0	147	130
188	0	158	124
218	0	128	132
226	0	120	127
207	0	139	129
59	0	148	126
225	0	121	76
214	4	122	107
195	0	135	84
237	0	109	97
205	0	135	110
234	0	112	110
218	0	123	81
213	21	125	100
210	7	134	142
275	0	71	82
235	17	99	101
254	0	92	108
215	7	121	138
283	0	63	78
200	0	85	69
123	70	113	72
230	0	95	70
287	30	59	72
261	0	81	91
158	0	107	84
34	0	162	88
193	0	117	62
102	0	128	78
0	0	145	89
160	0	89	59
243	0	83	40
230	15	100	71
213	11	113	113
282	0	64	70
256	6	87	90
270	24	76	92
244	0	98	103
264	12	80	104
242	28	98	121
208	23	121	147
280	0	66	85
226	17	95	100
205	22	130	142
281	0	65	84
260	25	85	99
288	0	58	101
260	10	80	105
293	25	53	97
285	75	60	102
187	0	85	120
95	0	155	78
233	0	113	57
231	11	106	104
293	0	53	65
273	10	73	86
189	22	89	98
41	0	127	63
53	0	133	58
171	0	99	44
150	10	92	87
128	0	133	69
23	86	190	78
200	0	122	84
74	59	104	93
97	73	76	79
101	73	63	77
101	79	54	63
99	73	65	59
109	61	59	59
124	27	78	96
211	0	99	60
279	26	67	72
209	35	73	92
99	0	143	100
236	0	110	65
142	0	115	69
33	0	154	77
179	0	108	56
174	27	134	86
149	86	147	149
266	0	80	85
169	0	102	84
172	0	165	96
274	0	72	68
236	0	85	74
266	0	80	80
241	0	100	84
118	0	98	55
13	0	103	38
0	13	58	68
81	0	46	39
70	47	55	37
125	0	49	45
116	23	60	59
125	75	81	71
115	90	56	71
110	88	63	68
99	83	64	69
101	81	57	64
103	77	54	67
101	58	65	93
75	68	80	95
162	0	100	78
105	0	148	91
237	0	109	65
270	0	76	78
231	0	101	83
175	31	127	106
275	0	71	77
187	9	102	92
281	0	65	61
260	11	86	85
214	0	121	119
176	33	143	141
9	0	181	134
159	0	141	120
12	0	181	121
107	0	171	101
259	0	87	67
270	0	76	74
279	31	67	83
283	0	63	68
263	0	83	62
250	0	96	74
286	18	60	87
207	38	79	101
196	29	133	140
252	65	94	156
202	22	131	180
273	0	73	87
259	14	87	112
282	0	64	100
276	0	70	85
254	0	92	84
245	0	101	91
280	0	66	91
247	0	92	88
195	32	123	109
65	0	141	125
0	0	119	118
155	0	87	66
168	0	125	67
230	38	116	89
133	139	100	99
128	1	160	145
14	0	208	107
224	0	122	79
134	3	108	110
45	0	184	81
211	0	129	62
154	0	120	74
268	0	78	52
273	24	64	70
255	30	82	98
224	25	112	136
76	0	145	132
0	74	140	135
0	89	107	146
45	81	105	141
188	0	105	82
203	0	143	94
55	0	127	62
170	0	101	45
222	0	86	59
212	18	114	80
208	31	125	113
193	0	152	142
274	0	72	85
231	15	103	109
217	0	123	86
196	0	139	104
226	0	120	114
211	0	127	84
121	0	116	70
148	0	133	61
61	0	150	76
0	0	132	68
0	0	98	62
0	0	68	52
0	0	53	58
0	68	65	52
0	0	64	96
0	0	62	57
0	0	35	37
0	0	21	24
0	6	19	32
0	9	18	40
31	0	20	21
7	17	33	22
5	0	37	33
37	40	31	29
60	30	20	39
68	23	45	49
112	39	46	51
105	29	50	78
87	25	70	89
0	0	108	86
0	0	58	58
0	0	43	39
48	0	40	27
24	0	63	35
22	0	92	41
15	0	91	42
65	52	71	56
146	66	43	64
113	94	50	87
102	93	67	101
94	90	85	113
81	81	134	126
81	42	168	179
37	25	224	210
49	29	197	228
35	42	189	182
55	21	219	224
69	22	229	201
11	24	304	189
19	16	288	183
13	16	292	181
7	1	283	198
0	0	212	208
0	0	180	207
0	0	157	190
0	16	110	166
0	55	87	133
33	48	58	119
25	58	59	91
0	0	32	70
10	56	53	55
79	0	45	57
72	37	37	37
71	54	50	62
39	56	71	71
56	58	44	60
48	51	82	63
65	37	89	128
77	25	108	137
77	30	113	126
58	32	136	117
62	24	98	131
50	34	80	107
38	32	80	118
29	18	91	137
55	33	84	103
55	16	101	117
61	22	89	94
66	30	87	65
54	9	105	111
176	0	109	64
275	0	71	44
242	4	55	80
152	59	125	72
17	0	133	67
0	0	44	48
5	6	48	63
0	0	22	34
0	26	32	25
0	15	41	64
22	55	40	58
0	0	41	72
0	0	43	43
1	38	58	50
73	0	42	41
15	42	51	32
0	0	22	38
22	21	27	24
0	0	18	21
14	11	26	29
33	11	28	36
64	35	45	37
72	52	53	59
54	55	56	82
44	24	92	123
67	32	69	102
60	17	86	119
52	6	114	131
0	0	109	122
145	0	90	65
59	0	110	69
18	0	124	62
140	0	84	44
77	0	94	54
0	41	65	51
0	0	23	43
0	0	38	37
0	0	46	43
5	27	76	54
91	0	53	42
89	17	71	54
0	0	82	39
12	0	67	37
9	0	58	45
19	0	59	32
27	0	58	25
0	0	49	34
0	9	57	63
0	0	63	49
0	0	43	46
51	4	35	49
84	32	69	56
84	55	77	87
100	35	89	118
78	16	126	145
93	10	116	132
94	10	92	115
98	13	85	110
90	15	90	105
86	18	90	110
71	20	109	139
103	41	65	104
85	25	83	133
73	37	92	112
63	17	142	168
78	36	127	146
57	45	167	144
61	56	158	133
111	185	146	75
115	162	136	98
94	179	150	81
132	194	126	66
161	191	111	69
98	198	98	62
98	188	117	72
0	73	95	87
36	121	96	123
0	189	64	71
0	169	55	91
0	169	59	91
0	172	62	88
0	157	60	103
0	158	59	102
0	145	68	115
0	133	54	86
0	181	53	79
0	159	66	99
1	150	60	110
0	143	53	108
0	136	56	119
0	158	28	81
0	143	37	94
0	158	38	84
0	189	36	71
0	181	33	78
0	197	28	58
0	210	25	46
0	219	20	39
0	224	27	36
0	234	23	26
1	237	29	23
8	203	35	35
0	153	43	67
1	82	48	90
82	8	45	90
0	26	66	67
0	0	53	61
44	0	46	54
35	0	88	55
123	0	73	35
73	0	101	43
164	0	71	32
118	0	71	38
77	0	73	44
0	49	74	42
31	9	39	78
26	5	46	83
88	53	58	91
90	52	85	130
89	41	110	150
75	31	149	154
102	39	112	126
87	40	102	114
79	47	103	124
198	0	124	80
286	0	60	54
228	0	70	84
296	0	50	43
278	0	53	32
319	0	27	24
318	3	28	30
323	0	23	32
306	0	34	30
329	0	17	19
305	3	26	25
302	7	39	34
317	18	28	40
295	3	47	70
237	56	45	58
234	77	43	59
229	77	52	64
207	74	78	70
197	73	69	71
202	71	66	70
203	68	71	80
195	77	85	87
184	67	83	100
31	67	136	107
61	18	109	183
74	37	103	130
72	40	119	124
58	32	159	149
49	32	168	148
20	33	194	148
238	0	108	84
176	9	100	124
277	0	69	66
224	0	84	64
188	0	131	77
74	0	149	89
214	0	123	59
126	0	114	73
237	0	97	46
304	0	42	35
296	8	50	49
280	12	66	69
314	0	32	46
264	7	53	56
203	24	75	65
280	0	66	48
226	21	62	70
293	0	53	46
286	0	59	35
238	0	62	40
203	39	62	49
265	0	58	42
219	54	60	45
157	43	90	88
256	0	90	62
180	0	84	67
166	64	95	67
263	0	83	62
170	0	76	40
171	44	76	51
170	36	67	68
161	39	62	61
147	30	92	83
235	0	101	62
234	0	99	53
176	17	86	84
268	0	78	54
216	0	99	63
162	0	121	53
157	0	143	69
280	0	66	51
303	0	43	55
288	17	58	64
272	25	74	90
238	20	102	131
293	0	53	77
262	8	84	86
168	0	87	65
173	0	115	52
94	0	124	68
209	0	101	49
134	0	119	62
246	0	92	43
187	0	78	42
259	0	64	29
285	15	61	46
228	0	64	53
169	57	78	56
71	82	95	73
70	66	76	105
70	68	63	106
69	71	72	95
63	56	67	107
47	48	95	121
54	33	82	135
49	40	84	106
47	40	67	112
33	53	84	117
147	0	87	75
238	0	87	43
253	0	91	42
251	13	86	70
244	5	91	97
295	0	51	58
279	11	67	74
257	0	80	60
307	0	39	41
287	10	59	59
258	0	80	75
306	0	40	47
280	8	64	61
257	6	84	89
234	0	101	69
298	0	48	46
246	0	62	52
272	0	74	55
257	6	83	81
271	0	75	59
260	0	77	47
199	0	76	38
154	35	69	54
162	56	60	65
88	69	78	93
67	51	84	116
38	36	124	140
55	43	81	126
53	38	85	128
56	42	89	108
49	39	104	108
51	40	98	115
37	48	105	103
0	0	118	95
0	0	44	58
0	0	19	28
0	0	24	31
0	0	21	39
0	2	12	44
0	4	10	44
0	3	18	44
0	0	22	36
0	0	25	42
0	0	32	46
0	0	32	43
0	0	38	51
0	0	44	52
0	0	53	62
13	0	40	61
9	0	52	67
0	66	41	55
0	9	18	63
0	42	26	52
2	63	36	65
59	8	37	67
37	0	77	43
0	0	36	29
30	32	35	30
0	27	27	40
0	9	33	72
12	0	50	42
37	41	59	53
60	89	80	62
56	73	65	77
50	59	61	91
37	40	92	107
31	30	93	121
151	0	98	77
40	0	144	74
178	0	105	53
272	0	74	38
274	0	70	56
252	25	68	67
241	23	95	94
282	0	64	100
276	0	70	87
251	0	89	85
235	0	109	79
137	0	107	83
247	0	99	51
235	2	89	80
218	0	119	89
107	0	126	92
234	0	112	59
224	0	100	56
233	21	95	77
234	0	110	98
114	0	143	95
249	0	97	63
148	0	87	42
153	0	93	39
99	0	93	47
28	0	104	54
66	68	83	65
70	95	87	107
42	71	118	137
56	70	94	136
48	68	92	138
43	68	96	133
30	38	112	179
30	57	111	141
35	46	89	138
29	51	88	127
25	42	87	135
19	42	85	131
23	47	69	123
15	62	70	131
124	0	77	84
201	0	92	47
129	0	118	59
237	0	86	42
287	19	59	56
275	20	71	91
186	77	93	98
295	94	51	136
317	116	29	106
290	135	56	86
299	139	47	98
312	150	34	79
310	152	36	66
321	150	25	70
322	158	24	98
294	222	43	38
279	231	35	29
271	225	32	31
269	226	42	34
260	223	64	35
257	216	74	44
203	192	62	48
229	195	76	65
276	204	61	56
268	197	62	60
253	186	92	68
214	166	93	86
244	176	95	84
207	149	91	93
178	103	136	121
73	31	103	131
0	56	125	136
122	59	72	104
205	0	99	74
102	90	138	74
234	0	105	79
140	0	101	83
243	0	100	49
228	13	102	84
125	0	113	67
229	0	101	48
238	13	102	84
153	0	101	69
250	0	94	44
247	14	93	73
166	6	88	98
258	0	88	57
235	0	100	98
144	85	96	96
112	62	123	129
43	83	168	154
26	76	189	167
41	72	169	176
251	0	95	82
174	53	79	79
148	58	73	81
135	58	91	87
143	58	80	88
135	48	91	102
101	48	147	106
71	45	158	131
71	54	128	118
67	53	126	119
79	42	109	123
63	28	106	135
60	27	98	122
39	30	123	119
42	33	97	115
48	33	93	103
21	31	110	116
160	0	97	75
48	0	154	80
0	47	104	102
136	0	77	70
213	0	81	42
152	13	85	55
100	11	88	69
188	0	91	43
92	12	108	57
24	73	116	75
149	0	86	73
52	0	126	68
0	80	88	73
106	0	65	82
24	0	107	52
0	0	71	47
22	9	73	70
109	0	65	42
165	44	53	48
147	72	55	69
137	62	86	89
129	75	87	107
110	70	105	130
58	46	131	145
81	55	126	124
62	30	140	171
76	44	119	138
84	40	104	149
68	38	114	149
59	37	102	138
53	28	119	147
48	26	108	156
32	26	132	154
40	25	114	153
36	22	122	158
23	21	132	175
57	54	154	145
23	36	149	164
0	38	136	142
0	0	107	138
0	0	85	88
111	0	66	49
32	35	75	51
109	0	63	43
66	51	60	40
0	0	61	49
54	46	49	39
14	71	55	56
50	102	54	68
0	80	80	101
0	69	57	117
0	0	73	114
111	0	66	56
141	69	77	45
153	53	67	66
137	49	82	79
76	45	118	116
55	45	116	139
65	45	104	124
68	34	95	128
69	39	83	113
50	28	97	117
46	22	103	122
0	29	123	127
36	17	103	169
186	0	112	85
70	0	157	84
213	0	129	62
121	0	124	80
238	0	108	51
165	0	106	68
63	0	136	74
0	0	61	53
40	15	72	79
128	0	71	47
138	0	89	38
150	23	78	69
154	76	104	80
138	56	112	166
54	83	172	144
46	53	208	178
50	69	200	165
68	68	206	146
46	37	229	184
59	43	238	169
54	32	249	187
62	21	223	197
89	33	167	170
66	9	195	189
53	0	194	184
63	0	210	172
56	0	212	110
0	0	83	74
0	0	67	53
0	0	59	43
28	16	56	55
67	24	52	57
0	0	83	66
16	9	115	79
0	0	65	58
37	19	79	85
132	0	76	52
64	67	92	54
0	0	63	60
40	10	63	79
40	24	70	82
0	0	40	58
2	14	74	67
38	66	58	82
116	0	64	74
80	0	108	49
109	61	103	64
209	0	87	61
167	0	118	49
89	0	134	61
0	0	93	45
13	20	74	67
11	39	78	92
118	0	64	60
29	0	94	47
5	0	134	59
22	0	104	53
0	0	126	66
0	0	76	53
0	0	90	71
0	0	47	46
0	0	26	43
0	0	19	37
0	0	15	29
0	0	10	18
0	0	10	13
13	0	10	10
0	0	17	10
18	0	13	10
3	3	19	10
6	4	21	17
9	4	34	31
0	7	33	44
0	3	33	59
0	0	34	52
17	3	54	62
0	0	53	59
0	0	45	58
12	0	68	56
