116	154	47	46
113	166	64	82
8	144	144	98
149	106	103	111
106	76	183	159
97	56	216	173
98	77	199	165
99	52	208	180
95	34	218	187
93	61	253	193
0	52	159	164
0	0	130	145
0	31	60	137
0	34	36	130
0	34	52	122
43	0	79	83
92	78	79	81
0	0	133	134
77	0	152	101
76	51	113	102
0	0	133	103
150	0	106	73
68	80	131	67
77	0	164	106
0	0	181	98
124	64	62	67
135	62	54	54
137	52	57	62
143	43	56	68
140	38	70	78
132	43	70	88
131	41	90	95
134	6	154	137
133	14	197	157
0	0	179	150
149	0	163	103
123	27	195	128
132	18	195	154
3	32	225	174
0	31	186	183
204	40	142	141
198	0	148	111
173	0	158	91
136	0	164	87
136	59	90	90
112	88	138	150
142	0	204	151
100	0	240	158
147	0	199	148
114	95	75	71
113	104	83	58
131	107	60	57
129	106	56	57
121	105	58	57
115	105	60	57
112	106	59	57
109	102	57	64
104	100	56	63
98	97	54	68
95	105	57	58
83	88	70	83
55	65	102	110
54	2	172	195
53	0	223	204
60	13	203	184
50	0	227	214
63	20	211	179
57	12	223	194
48	5	232	208
41	5	241	221
47	13	233	207
29	13	235	206
38	11	215	216
32	12	217	216
50	35	162	188
42	24	187	204
31	8	254	231
58	45	180	185
78	70	146	140
85	68	117	134
89	70	121	140
109	77	90	125
112	83	89	119
0	0	151	163
54	0	187	113
0	0	162	140
0	0	132	157
49	0	173	116
6	0	212	105
7	0	202	104
0	0	146	137
35	0	166	108
48	29	216	158
0	18	149	180
69	15	207	185
0	0	164	150
107	9	164	157
129	31	153	159
210	28	136	127
208	0	138	151
197	0	149	154
0	0	221	153
167	0	179	143
0	0	191	164
0	0	147	162
0	0	126	155
188	44	56	82
179	49	44	61
169	48	49	63
165	56	45	55
157	62	47	53
148	69	46	51
135	71	51	59
124	72	56	63
116	66	57	71
111	74	57	72
105	69	60	88
85	57	90	119
90	3	163	166
82	0	214	186
76	0	215	191
0	74	214	170
70	0	191	182
61	0	200	190
67	0	201	195
76	0	173	200
55	0	193	203
70	0	166	198
53	0	196	217
61	0	161	197
0	0	204	113
40	0	188	214
0	0	198	152
52	12	177	220
44	19	179	211
30	23	207	203
41	35	209	200
30	37	225	202
35	10	215	231
38	17	203	238
32	15	204	244
0	129	201	131
75	156	100	104
101	184	71	67
111	191	68	55
120	186	76	60
138	181	70	61
152	174	66	62
165	168	62	64
180	152	58	75
198	140	49	75
204	142	50	68
193	137	76	72
139	65	63	94
163	82	51	59
168	86	40	53
175	86	35	52
183	84	36	54
186	82	42	55
192	83	40	52
199	83	38	50
126	29	63	60
39	0	127	80
37	20	195	124
0	0	172	156
31	30	252	193
9	0	310	221
24	0	293	206
38	0	289	221
26	15	286	209
58	27	257	194
89	54	203	169
169	22	177	190
183	33	163	206
156	29	190	213
137	48	209	198
132	41	214	212
139	43	198	206
137	49	186	205
142	4	187	233
112	17	217	235
111	23	203	232
67	42	239	214
52	26	256	226
39	41	252	194
23	51	240	171
23	17	255	221
14	20	263	219
21	3	252	233
49	0	215	218
44	13	228	219
60	0	184	220
41	0	215	213
41	6	204	201
0	50	125	135
0	17	133	173
42	16	193	192
46	22	279	208
48	15	250	191
0	0	157	148
55	0	196	191
53	0	245	192
0	0	169	149
62	0	190	163
0	0	159	154
0	34	158	195
0	25	90	161
0	0	100	155
0	14	126	168
31	0	169	120
0	31	172	157
188	0	158	97
266	0	80	77
164	6	110	105
15	0	196	117
0	0	160	144
54	0	183	112
0	53	87	139
14	0	123	118
0	0	113	125
102	0	114	89
0	0	156	99
77	0	158	92
0	0	158	117
0	14	120	168
0	0	115	158
15	0	158	114
0	0	130	131
32	0	157	102
2	0	190	91
1	0	190	92
0	0	127	128
18	0	152	97
0	0	117	126
169	23	79	118
190	25	156	139
144	0	200	218
132	0	214	225
201	11	145	212
164	18	168	231
140	49	195	209
137	43	192	214
124	49	211	205
86	46	242	214
81	37	246	223
65	29	272	231
52	25	266	235
37	37	262	220
19	43	240	189
20	38	258	195
20	36	226	187
11	23	249	211
6	15	247	211
5	20	231	194
33	0	235	220
37	0	215	220
55	0	200	171
54	0	192	159
46	2	238	210
37	0	260	219
47	19	261	217
21	0	226	154
60	32	247	193
51	30	262	195
39	5	262	211
0	9	167	169
40	16	206	169
0	49	184	161
67	18	231	188
78	48	215	153
0	26	177	177
53	42	142	122
52	37	146	122
49	49	152	104
45	23	186	146
67	24	177	152
62	42	167	119
62	0	221	120
99	53	113	98
0	0	94	77
0	18	109	106
132	0	94	76
143	65	55	53
156	67	38	49
163	68	34	48
169	67	34	48
177	69	34	47
184	69	32	45
189	68	32	46
195	68	34	47
200	71	33	44
240	60	41	44
233	57	47	52
217	61	56	63
215	71	46	53
215	72	50	57
213	86	40	56
206	75	44	64
201	70	48	75
195	95	43	65
189	88	53	78
184	87	50	82
172	90	55	89
153	100	63	100
144	106	61	106
125	108	74	116
110	99	90	138
104	100	90	129
87	95	102	139
73	93	106	130
62	84	107	137
59	71	100	139
56	83	93	125
38	78	111	129
28	73	140	134
7	52	202	157
21	0	264	227
13	0	270	225
8	0	273	226
38	0	232	220
27	0	241	214
38	0	227	206
54	13	211	190
26	16	247	190
44	1	249	216
47	18	249	209
46	19	249	217
0	21	170	146
72	47	103	110
0	25	137	168
0	16	123	215
0	16	145	189
27	40	178	145
40	43	171	148
73	70	158	121
52	41	189	151
34	14	227	183
48	21	213	171
55	44	185	134
60	0	208	112
0	14	210	173
78	42	188	134
97	56	168	127
98	56	199	147
105	65	132	104
0	0	179	151
78	0	205	119
0	0	178	144
24	0	190	117
0	0	156	144
0	0	126	154
0	0	116	151
48	0	145	103
9	0	177	88
41	15	215	142
0	0	195	113
5	0	229	177
0	0	171	111
95	0	162	100
91	0	212	93
89	0	216	101
139	0	207	157
167	0	179	160
173	0	173	152
177	0	169	152
0	37	218	169
0	0	199	114
5	0	201	104
0	0	178	106
110	73	70	89
98	76	66	86
85	79	73	97
82	84	69	94
72	78	82	107
65	82	74	108
26	111	160	149
39	0	222	202
42	2	247	196
93	0	196	185
73	0	211	194
90	7	171	183
0	57	116	136
34	71	81	129
33	66	84	137
35	48	104	167
41	48	111	168
60	82	77	124
41	99	105	111
64	108	103	104
32	79	163	141
43	64	166	168
45	50	184	185
45	46	193	183
0	0	160	149
51	8	158	222
27	0	230	113
0	52	97	137
53	0	146	157
0	34	102	144
0	0	103	151
55	4	138	132
0	0	138	137
0	72	70	136
0	57	76	188
86	0	117	148
0	2	179	159
55	0	221	154
0	24	192	187
0	0	209	182
0	11	210	180
0	0	176	154
78	0	194	115
0	0	183	143
0	0	141	154
0	0	125	146
130	51	97	100
0	0	190	132
0	0	163	116
0	0	119	138
30	0	148	100
121	43	101	93
149	12	134	126
205	0	141	135
142	0	168	174
125	0	209	192
124	34	212	182
117	10	164	161
110	0	180	189
93	0	200	206
85	0	216	212
74	0	231	219
72	0	226	219
62	0	244	218
59	0	251	226
60	7	251	229
35	39	231	178
40	44	190	178
38	58	179	155
46	66	138	142
49	66	114	139
37	74	115	132
50	73	96	121
53	80	81	108
52	76	83	110
59	71	80	108
52	63	92	112
67	57	80	110
53	67	89	96
80	83	66	79
87	74	82	79
91	72	91	75
64	44	150	134
65	36	139	143
58	18	147	170
0	0	170	152
66	25	157	166
86	30	134	150
82	31	157	150
0	65	94	143
55	93	126	167
0	0	150	147
0	81	143	166
0	116	134	144
76	53	130	160
0	29	195	178
0	31	188	183
0	32	191	177
0	26	197	185
0	12	198	184
0	14	204	185
0	33	208	176
0	0	179	148
0	0	188	111
107	57	115	114
0	0	164	149
4	0	187	116
0	116	151	144
0	0	132	151
0	0	118	153
0	0	114	150
16	0	151	107
0	0	124	129
134	67	50	95
134	67	63	84
128	73	60	81
114	69	88	87
98	56	119	116
96	61	100	115
94	55	106	123
78	62	119	111
73	59	130	128
54	53	145	138
57	62	133	122
57	63	120	120
55	34	142	152
59	47	119	127
59	26	128	157
59	20	138	172
61	43	157	182
15	0	224	113
0	0	151	147
0	30	97	159
38	63	75	114
36	61	85	118
52	67	80	113
46	81	95	102
40	87	112	104
71	93	111	89
106	84	80	109
115	95	65	111
128	104	69	107
129	84	86	121
131	92	103	122
147	92	104	108
123	54	128	151
0	0	210	151
0	0	177	152
0	0	156	155
0	0	143	151
104	0	163	176
0	0	193	152
0	0	169	152
75	0	204	157
99	0	195	206
47	0	203	120
67	30	239	190
0	0	174	108
82	33	177	155
0	0	180	152
60	37	204	180
0	0	172	151
0	0	143	152
75	42	153	168
0	21	191	190
0	23	181	187
0	0	183	173
0	0	159	153
84	21	171	198
0	19	210	195
73	0	221	109
160	35	186	172
63	0	192	110
110	29	227	193
105	40	204	167
84	63	199	157
82	60	208	163
78	94	109	114
73	91	88	112
69	111	76	82
59	129	53	52
48	131	53	47
39	131	57	50
32	126	58	56
28	121	53	61
22	115	56	69
23	121	51	62
25	115	45	70
25	110	51	71
28	110	41	63
21	107	51	63
26	103	52	73
32	104	47	73
41	107	50	68
38	104	58	71
38	107	74	72
58	111	69	69
58	119	76	61
86	127	76	66
102	121	72	78
124	123	60	79
130	123	66	73
125	129	88	65
120	119	112	89
112	114	104	76
99	0	152	139
0	0	182	149
0	0	158	149
108	42	160	218
112	54	190	174
95	49	222	211
87	49	247	188
79	34	223	181
83	0	220	107
0	0	161	140
84	22	150	197
78	24	183	199
50	9	240	233
36	17	238	219
31	11	245	233
14	10	266	232
14	13	266	227
9	11	270	227
25	21	242	202
20	13	248	230
22	3	248	224
32	13	238	209
31	10	209	194
0	31	175	173
0	34	168	173
0	26	155	208
0	25	170	199
58	43	205	163
0	32	196	175
68	55	141	134
231	48	115	125
155	7	174	211
72	40	239	187
76	40	224	197
84	40	204	199
66	77	143	183
53	67	163	193
38	54	192	204
40	36	195	221
122	9	138	159
25	60	207	189
13	43	227	215
11	45	220	212
3	55	221	198
27	60	182	191
0	60	142	167
16	49	174	182
6	28	266	196
24	27	234	199
15	42	270	185
0	86	79	98
32	83	63	93
40	84	78	84
47	88	78	84
54	98	85	87
73	110	76	80
94	114	73	80
107	111	88	88
139	112	85	89
153	114	65	89
167	107	74	91
147	101	104	92
139	92	127	112
0	0	209	132
0	0	158	159
129	47	165	191
121	53	212	201
136	51	192	182
108	40	210	200
120	54	196	191
96	31	211	191
83	15	211	224
90	20	192	212
68	11	216	211
68	22	212	195
63	23	219	197
61	26	221	195
52	19	224	204
56	32	215	184
46	25	215	195
49	22	217	197
0	31	189	181
0	26	182	190
0	15	173	186
0	28	153	193
0	20	162	208
0	10	152	198
0	29	158	213
0	54	92	167
47	38	154	212
0	35	116	141
0	28	119	197
0	0	178	119
0	0	160	110
0	0	126	133
45	0	154	102
58	18	226	181
62	0	277	238
45	0	284	243
55	0	240	243
52	0	274	240
63	0	230	232
69	30	198	186
75	15	153	202
68	0	191	222
79	26	139	186
73	70	110	126
62	79	115	115
59	79	114	114
66	71	116	119
66	85	111	99
65	91	122	101
72	99	103	83
78	93	100	85
97	99	90	83
112	101	88	86
124	109	87	86
141	106	86	98
137	102	112	105
119	91	149	119
86	68	208	145
99	71	221	162
110	80	207	156
113	62	230	190
152	76	187	163
0	0	196	110
128	21	183	207
114	19	232	219
98	27	225	199
77	0	184	188
73	0	198	184
0	30	191	176
0	0	160	145
104	1	117	178
0	0	201	180
0	27	96	157
96	6	86	187
0	42	92	157
83	5	93	196
0	45	97	151
62	0	119	209
166	53	160	170
141	29	196	208
139	40	202	189
108	40	232	195
106	44	225	182
86	49	237	177
105	48	205	172
96	35	199	191
68	26	223	201
63	36	235	184
54	29	236	188
38	24	263	199
45	27	249	191
43	21	250	204
49	25	218	193
24	8	276	221
44	19	236	204
31	13	231	208
40	29	251	192
32	10	228	215
38	25	268	203
33	19	208	181
0	0	151	145
70	25	192	203
78	27	268	201
67	25	266	203
79	20	258	211
67	20	273	213
51	28	211	166
82	22	243	179
83	21	263	212
0	11	137	165
36	13	115	173
48	25	103	166
44	4	128	189
54	9	114	190
52	2	138	197
62	9	122	193
62	18	134	168
15	0	199	118
73	38	127	151
0	40	96	160
53	0	131	160
0	101	176	159
31	0	186	117
0	26	195	174
0	11	208	182
0	22	214	194
0	25	102	160
78	0	119	165
0	57	85	155
101	10	81	186
85	4	151	191
74	10	193	206
0	24	210	196
63	7	215	197
56	2	232	209
49	6	239	194
70	0	225	200
0	25	210	187
0	26	215	185
0	27	212	191
64	32	183	180
0	4	219	199
150	48	196	159
108	56	216	169
106	38	239	191
107	32	237	195
91	25	255	203
76	43	247	179
90	25	249	199
57	26	275	208
40	44	225	180
27	7	247	220
20	0	257	230
14	0	278	235
40	0	222	220
31	0	237	223
22	0	256	226
23	0	241	224
32	11	240	207
0	0	161	148
55	36	179	184
0	0	160	149
80	31	158	163
94	43	252	201
108	48	238	192
102	41	221	173
109	34	233	188
244	0	102	89
126	30	131	119
0	45	207	169
231	48	115	158
167	47	175	194
0	0	177	152
0	0	139	150
0	34	74	167
0	9	50	155
32	52	67	112
30	35	129	142
0	25	74	160
34	26	119	154
0	31	78	176
0	50	110	175
0	10	70	162
48	41	95	135
0	47	136	169
0	46	150	174
0	34	150	172
37	0	180	160
0	67	100	164
56	16	143	189
0	26	97	162
74	59	105	133
72	49	157	145
151	74	99	86
159	72	73	69
138	80	84	61
99	81	114	80
103	87	76	76
101	90	63	69
91	96	76	64
73	94	85	74
61	88	103	89
61	86	99	104
57	74	99	131
56	74	89	132
50	76	106	122
50	72	105	125
55	85	95	102
69	100	65	74
65	106	69	60
58	102	88	60
83	99	61	57
92	96	59	59
109	96	46	56
110	97	49	58
115	93	51	54
105	90	69	62
95	88	81	68
86	73	110	96
0	35	146	173
0	49	149	185
95	46	117	137
0	30	171	184
0	0	191	114
0	0	145	141
99	46	146	150
0	52	181	176
112	0	193	113
119	0	211	108
0	36	187	179
0	0	156	146
78	0	171	114
0	0	163	133
71	29	179	181
0	49	182	181
73	37	193	180
0	25	91	155
108	28	89	128
91	34	154	148
0	27	184	195
94	40	213	174
89	23	218	191
88	18	214	187
87	36	194	177
99	43	176	168
221	33	125	183
34	124	213	136
132	20	211	230
123	6	223	227
102	13	244	234
108	2	238	239
113	23	233	220
26	87	265	173
100	2	231	233
100	4	217	241
108	17	211	236
36	61	257	199
34	59	232	201
44	67	200	193
129	0	134	154
0	137	138	123
11	112	121	136
18	131	177	129
35	124	137	136
41	129	67	90
52	143	57	64
53	141	67	67
63	141	68	67
71	142	68	68
86	141	60	70
101	140	59	76
119	141	58	78
141	136	59	78
143	133	69	76
165	125	63	83
174	124	60	84
204	120	59	64
221	120	49	50
232	111	53	56
243	106	47	55
253	99	42	59
260	83	45	73
187	3	93	106
64	2	150	148
62	0	185	205
60	0	191	196
41	27	224	196
35	30	238	195
0	43	93	153
61	41	125	171
41	37	224	213
39	42	247	204
0	40	172	198
0	26	172	194
59	25	244	195
0	55	188	194
0	29	195	185
0	44	196	188
0	0	169	152
50	12	183	206
0	28	209	183
104	0	224	107
102	0	209	108
0	30	208	169
221	0	125	154
146	0	180	198
100	13	246	181
92	60	153	120
11	0	234	110
107	87	76	97
96	87	92	104
74	69	129	136
57	66	159	142
34	68	181	141
22	55	205	166
17	47	233	174
20	38	233	195
0	13	273	221
16	47	230	180
0	82	102	118
13	82	88	104
23	84	69	103
22	81	63	104
23	79	62	101
28	72	62	105
32	70	63	102
24	54	86	124
30	66	87	116
44	65	81	114
48	59	86	124
65	84	84	104
84	96	72	91
103	101	69	89
132	115	64	82
144	115	66	80
149	106	70	97
187	62	61	113
176	73	75	94
168	65	47	74
162	71	36	64
153	73	32	60
141	70	31	58
130	76	35	60
119	68	39	62
118	77	35	53
102	64	52	84
1	90	144	114
0	0	121	149
90	29	129	147
75	9	202	170
80	0	184	190
62	0	210	188
61	0	213	197
48	0	230	188
33	0	220	118
17	0	233	163
44	6	221	177
0	0	169	153
68	21	209	208
0	44	94	154
38	0	144	162
0	47	158	188
0	88	150	170
0	0	134	151
0	13	135	183
0	12	147	192
0	22	85	165
36	0	136	154
0	14	136	190
0	29	144	195
142	27	148	167
0	58	114	155
69	0	153	112
82	12	240	191
86	1	228	216
86	0	220	218
72	1	235	226
81	6	217	218
48	0	239	228
50	0	240	222
53	0	228	215
72	0	201	183
76	0	178	188
0	42	197	166
0	28	200	188
0	25	208	197
0	34	224	175
0	0	163	136
0	0	114	110
72	30	138	148
91	41	174	157
80	3	217	205
84	5	214	195
100	7	224	194
106	10	226	186
132	26	198	166
116	18	230	186
153	5	182	180
159	0	187	112
0	69	157	138
0	0	165	114
0	51	69	136
42	39	126	154
0	0	135	147
132	52	113	139
0	34	134	140
69	0	152	113
0	0	168	130
0	0	137	148
0	0	132	150
53	0	160	115
46	0	187	140
8	0	243	141
0	0	190	150
33	0	190	117
33	0	194	108
145	40	186	169
127	32	198	178
109	25	222	186
0	0	161	146
104	46	160	156
94	32	212	178
103	27	186	168
81	33	199	173
71	26	210	179
61	29	213	178
59	11	214	202
57	17	215	197
58	17	217	196
57	7	208	208
60	19	216	179
0	0	164	149
44	21	209	198
50	36	218	179
41	18	207	182
0	0	171	109
0	18	152	181
15	1	207	227
0	24	151	172
0	41	155	164
0	8	198	213
8	17	211	211
10	0	230	242
18	0	241	238
41	12	204	236
46	16	203	227
54	39	215	198
55	24	211	216
61	45	204	185
64	38	166	136
79	56	210	179
83	54	231	163
0	102	210	158
0	0	188	150
0	0	156	154
132	0	157	117
0	0	198	134
0	22	124	210
0	0	179	168
0	0	144	160
0	0	128	156
98	0	148	112
160	23	164	112
148	0	177	113
185	36	140	129
178	0	158	117
187	13	144	139
143	0	164	122
30	0	208	102
194	45	87	108
48	24	201	162
144	0	202	116
214	0	132	151
261	0	85	91
225	89	58	77
218	105	56	52
197	111	70	55
181	116	66	54
155	109	89	89
135	75	70	118
0	53	207	161
80	47	239	183
0	0	174	136
0	0	184	119
63	0	178	106
63	40	215	168
52	20	233	218
32	0	265	232
28	0	259	230
35	0	235	230
20	0	249	227
37	0	220	223
36	0	220	208
40	1	216	209
42	10	210	207
39	7	216	202
25	6	237	206
0	0	170	150
45	0	212	196
0	0	164	151
60	27	222	202
35	29	253	199
27	0	267	191
31	8	236	230
28	28	265	226
25	21	231	200
0	36	171	178
58	50	110	203
64	39	124	221
56	20	165	240
39	0	231	243
72	36	173	224
65	25	191	235
51	16	200	238
55	27	222	233
64	29	216	226
77	37	190	204
135	84	150	143
142	84	144	139
0	32	220	158
133	64	179	155
116	55	179	176
119	61	159	184
84	56	169	171
135	91	145	136
131	63	161	166
0	0	180	147
163	92	130	132
139	43	182	190
82	29	234	208
73	31	246	210
94	37	220	222
81	39	226	219
89	62	208	198
79	53	203	207
68	44	216	216
43	45	233	215
43	36	224	224
60	39	188	221
46	49	200	211
44	42	195	218
20	50	236	210
32	44	230	216
14	39	227	204
0	79	188	154
16	94	91	113
33	102	53	100
16	99	85	105
27	87	70	119
37	81	48	105
35	86	52	82
35	78	67	82
42	80	58	66
42	73	69	76
39	56	88	110
0	29	92	159
40	55	111	124
0	7	121	169
0	0	113	154
0	0	102	128
46	58	135	122
0	0	136	155
0	0	118	151
0	0	111	141
149	0	101	78
25	0	170	95
55	0	181	89
0	0	140	118
0	29	67	119
31	14	107	144
20	34	159	170
0	0	139	149
25	43	160	165
46	0	200	112
52	0	212	106
31	0	222	106
0	0	151	139
0	0	118	160
63	0	181	191
0	0	158	145
0	11	78	156
65	0	110	95
0	21	133	122
0	0	109	136
78	12	115	135
64	0	171	162
0	0	172	151
87	55	132	107
95	67	104	99
79	0	162	107
99	59	121	101
0	0	169	149
0	0	163	160
0	0	212	115
124	65	99	145
99	79	125	152
89	73	120	158
81	81	127	155
72	96	135	125
60	98	152	123
59	88	152	128
37	65	196	163
18	65	232	159
36	66	188	147
51	68	171	138
43	71	170	140
41	67	176	137
0	55	154	152
53	55	122	136
63	67	121	111
88	70	120	90
124	75	88	80
119	72	97	86
118	73	73	82
129	60	82	84
128	66	96	81
130	68	117	75
168	77	64	70
197	78	44	60
205	74	45	66
209	74	46	63
215	72	44	58
221	74	39	54
173	7	75	88
111	0	140	66
85	5	118	117
67	23	153	157
53	0	208	193
60	8	188	195
47	8	207	174
52	27	193	165
36	29	223	166
0	0	158	150
24	31	182	195
0	0	154	148
19	25	184	206
0	0	160	153
0	0	135	151
37	12	181	195
126	0	213	119
161	0	185	157
0	0	181	157
0	30	81	146
0	45	95	167
47	29	146	197
219	0	127	144
75	0	152	103
0	34	86	124
87	0	94	95
47	4	146	151
84	14	208	194
61	0	189	171
51	0	235	215
60	0	196	217
68	0	167	222
86	19	123	169
0	46	184	181
45	77	126	144
37	81	129	137
11	79	166	135
26	74	135	139
33	71	111	136
41	87	84	108
38	85	92	118
47	87	82	117
52	71	74	128
56	62	74	125
58	59	86	114
65	60	86	102
64	59	87	102
86	58	75	92
114	71	56	84
120	75	76	90
135	83	68	79
157	88	65	79
175	82	59	84
189	80	56	87
202	79	52	86
215	67	48	97
218	73	51	92
217	60	54	95
206	61	73	98
196	54	81	112
199	0	147	99
205	0	139	85
162	56	79	73
158	68	45	59
138	71	50	55
130	71	48	52
116	65	47	59
111	68	44	66
92	61	61	82
0	0	129	116
121	0	128	122
92	38	139	128
0	24	191	180
0	32	183	165
0	24	97	162
58	37	124	170
172	43	133	162
142	10	172	211
217	5	129	145
143	35	124	175
126	31	180	161
113	9	192	174
92	4	187	183
0	0	174	112
68	26	179	197
0	105	188	155
62	17	196	207
57	21	220	199
66	23	188	195
46	0	214	233
42	0	220	228
47	16	209	204
45	10	238	199
0	0	160	146
52	14	169	213
0	0	174	147
0	67	142	169
0	54	124	188
32	74	99	142
46	82	83	134
62	94	63	116
47	93	100	125
79	86	77	126
99	89	69	118
120	92	59	119
128	91	65	127
140	89	73	132
150	88	81	140
160	85	97	146
183	98	95	139
200	103	86	129
207	93	92	135
219	87	94	139
231	85	80	135
72	0	119	104
59	0	181	83
0	0	147	123
42	0	194	172
0	0	217	114
0	0	154	108
54	20	198	172
8	0	308	208
19	0	300	188
8	0	310	237
20	0	300	226
50	22	262	210
36	0	255	222
77	27	235	202
272	68	74	138
218	111	80	126
169	79	177	162
169	57	159	203
144	45	202	215
124	51	222	206
102	81	232	176
122	45	224	215
113	32	233	228
84	33	258	227
52	37	285	213
39	36	269	205
32	35	287	207
22	26	291	212
31	19	269	227
34	13	257	227
46	0	221	232
57	0	195	227
34	0	232	221
39	0	214	212
35	0	221	218
41	0	208	203
33	0	236	178
13	0	234	113
72	12	274	199
68	0	273	200
0	0	152	149
0	0	115	148
78	2	140	169
67	21	254	181
62	24	257	176
141	0	205	113
77	0	195	109
5	0	230	103
57	0	218	113
0	0	160	156
181	0	158	100
122	0	163	95
145	0	201	97
0	0	206	131
75	0	216	113
16	0	241	156
0	0	167	147
0	0	143	149
64	0	177	109
47	0	213	97
0	22	178	138
0	44	167	180
0	62	75	147
94	0	103	154
0	104	169	151
72	0	202	120
0	19	175	175
0	0	155	154
0	0	132	154
164	51	95	116
268	0	78	83
230	68	97	87
122	0	119	92
4	0	180	76
190	54	82	99
178	59	72	95
183	41	70	124
178	39	75	131
152	3	160	181
172	28	156	167
153	15	142	210
140	53	133	175
118	68	148	174
109	87	141	159
92	82	166	166
79	77	179	177
66	56	187	204
37	63	223	187
43	78	206	147
39	49	214	196
36	45	210	202
23	43	210	192
24	36	174	189
29	41	171	177
31	27	134	163
29	20	128	169
0	0	68	88
15	44	92	92
21	48	101	92
40	53	81	86
42	49	76	77
40	45	68	86
36	49	69	84
43	62	55	69
47	63	58	67
49	65	63	72
46	71	68	76
38	47	95	116
48	67	88	97
49	63	96	113
42	44	93	130
38	24	113	152
40	29	114	152
46	18	125	149
41	20	149	157
37	4	170	186
37	3	177	190
45	10	189	189
42	24	207	189
48	0	201	213
70	34	159	155
69	18	225	183
102	67	110	99
109	70	99	88
121	73	101	91
125	70	116	97
154	76	78	89
176	80	62	75
190	87	52	70
194	91	67	68
213	90	68	79
223	87	50	81
229	78	51	89
232	73	54	85
232	70	61	102
156	0	127	113
200	130	132	129
188	94	99	114
183	97	100	116
172	102	101	112
165	122	84	90
154	125	81	89
149	123	70	85
136	119	60	91
125	121	64	87
106	114	70	98
101	112	64	94
86	101	75	116
81	98	68	113
73	101	67	105
68	89	72	118
53	72	141	148
24	0	248	242
57	48	189	173
50	52	160	163
46	58	148	158
48	66	136	138
65	74	108	119
61	65	108	134
76	69	95	108
87	75	69	83
91	76	66	77
92	85	73	68
86	86	83	68
93	91	81	58
122	96	41	45
138	99	37	50
143	97	39	51
152	99	34	50
163	101	33	52
169	103	36	51
174	108	38	46
182	111	45	45
192	113	42	45
197	111	41	46
204	111	43	49
208	109	42	49
216	109	38	50
217	110	45	49
219	110	45	50
221	111	48	50
223	109	54	55
220	105	60	62
220	103	76	70
223	104	59	71
284	14	62	105
250	0	90	73
170	61	97	86
210	92	67	89
213	103	58	73
203	105	71	75
189	106	78	76
184	109	61	70
169	122	62	62
113	79	61	72
140	71	50	91
151	69	49	109
120	62	113	114
101	85	127	133
84	112	94	98
83	130	56	70
75	138	54	60
66	138	56	61
61	139	53	60
54	137	61	61
50	133	60	67
47	126	56	74
36	108	80	109
41	64	152	170
55	29	193	214
55	27	216	197
39	0	246	159
0	100	105	116
50	130	56	63
38	132	81	63
43	136	82	61
65	137	65	61
81	134	56	66
88	141	63	63
103	141	63	70
112	145	67	67
129	147	62	67
137	145	78	72
160	132	75	84
163	127	99	90
193	132	64	76
119	91	53	60
119	85	47	68
102	77	59	77
98	69	58	92
77	57	98	118
81	25	179	178
80	30	217	157
86	28	178	171
64	2	214	213
51	1	226	209
55	0	214	210
54	15	211	203
52	12	194	189
49	29	188	191
75	37	256	203
27	16	268	212
39	0	216	191
22	22	232	180
24	20	257	184
0	15	170	175
21	24	224	206
0	0	161	153
40	39	232	200
0	118	193	142
63	64	197	156
188	25	158	165
151	5	194	218
157	10	183	208
158	22	164	188
154	32	158	179
117	21	208	201
109	37	209	177
61	38	243	196
37	20	249	223
57	3	199	203
70	65	119	131
32	53	172	157
18	39	197	187
15	47	217	169
17	41	228	166
3	18	257	211
38	35	240	180
23	16	269	198
21	35	284	198
0	91	93	130
17	94	65	95
12	87	74	100
19	81	66	101
24	80	69	99
28	81	74	98
41	70	80	111
41	67	91	128
59	90	80	102
98	98	66	92
119	102	65	91
137	104	70	89
155	107	72	87
167	107	70	90
197	105	59	89
215	102	50	91
223	98	56	86
212	67	77	103
192	49	99	115
176	58	115	103
262	0	84	91
260	65	49	75
259	60	58	86
232	0	96	96
121	94	120	110
0	33	222	169
0	70	210	190
0	38	216	170
0	0	180	154
78	0	204	116
0	57	104	149
113	52	93	118
70	24	171	172
0	57	101	159
84	38	94	159
76	36	129	160
78	0	227	118
244	0	102	98
175	17	156	148
151	7	184	208
164	27	166	161
136	20	190	197
138	15	183	199
127	22	184	192
123	27	185	178
116	27	189	164
86	9	211	218
64	0	230	235
50	21	228	208
53	17	222	215
46	13	231	223
19	1	263	235
10	0	268	235
14	0	267	230
3	0	293	236
21	0	250	226
20	12	228	206
37	24	227	195
20	65	125	129
14	69	123	128
12	95	122	96
6	86	144	116
11	84	154	116
22	85	155	115
30	64	174	141
40	69	184	136
65	100	151	101
82	96	140	110
102	90	142	120
140	94	114	118
160	97	103	125
187	93	92	131
208	95	81	127
225	103	71	118
236	113	61	105
242	115	69	103
250	119	60	98
251	114	69	101
255	98	71	121
256	79	64	137
259	85	53	129
152	0	113	137
112	16	225	181
73	15	273	216
38	15	308	220
89	29	257	194
69	8	277	193
105	33	216	184
182	35	119	180
179	67	115	161
171	61	159	176
171	55	175	165
0	0	235	160
133	52	213	208
129	61	211	168
116	50	230	170
230	0	116	101
204	0	142	115
47	45	106	134
86	72	57	108
76	73	64	104
73	75	63	99
68	67	60	106
59	67	55	94
54	63	51	92
46	55	53	96
44	47	51	102
44	51	48	92
42	58	45	75
40	57	48	76
36	59	51	73
36	56	43	74
34	63	41	63
36	62	46	64
35	61	50	65
37	63	52	64
41	63	64	66
41	60	67	73
42	62	75	74
38	55	94	87
31	51	105	95
33	51	108	95
43	62	118	86
36	51	134	107
40	42	143	124
50	60	160	110
39	35	175	145
0	7	193	175
53	45	205	144
74	57	200	132
83	66	185	116
0	45	200	173
90	89	188	108
0	66	211	145
23	0	225	117
110	96	91	82
130	106	54	62
140	104	51	63
159	106	41	52
166	106	42	57
175	106	43	51
183	107	43	51
187	100	48	56
195	97	45	53
193	89	59	60
218	85	85	53
214	79	90	66
218	72	89	87
218	66	80	103
210	53	89	143
207	40	97	156
196	31	135	166
182	30	159	171
154	6	192	228
148	49	159	179
126	46	177	191
119	61	177	181
69	67	217	168
0	104	213	156
0	99	210	161
42	80	205	146
39	65	251	166
26	54	220	177
14	35	236	202
9	45	217	174
37	49	172	162
31	59	159	153
36	58	140	145
52	64	111	134
40	66	103	122
56	90	82	79
40	76	89	101
60	82	66	78
58	80	69	77
53	69	79	104
56	73	79	95
53	78	89	85
59	83	88	80
52	75	100	97
0	69	136	148
0	19	139	182
179	0	147	99
205	0	141	136
261	0	85	89
153	0	114	91
32	74	196	101
63	0	207	116
125	0	209	112
0	0	178	146
0	0	142	153
0	42	74	161
0	35	82	176
0	35	53	138
0	48	36	126
71	57	48	90
63	48	71	85
71	28	117	105
63	5	177	150
0	16	186	177
0	15	181	174
0	17	175	177
0	29	179	181
89	50	201	151
100	53	175	157
0	0	228	116
212	0	134	100
195	91	82	91
169	77	103	120
177	74	70	110
175	75	66	111
165	96	76	117
145	102	95	123
113	88	157	149
0	126	223	134
64	98	201	162
0	128	205	132
45	64	216	196
89	0	186	226
62	36	194	224
55	32	199	228
26	39	232	221
13	44	241	216
26	26	224	234
26	36	224	224
22	63	207	197
31	83	167	174
22	70	187	189
45	76	137	156
0	81	147	151
23	94	99	138
43	87	97	132
50	93	93	108
45	84	102	124
73	84	85	113
70	82	97	110
97	95	61	95
96	109	72	80
107	114	64	67
96	111	95	66
95	103	117	88
112	102	112	92
126	0	170	128
138	0	200	111
173	0	173	103
20	0	189	128
44	86	258	174
28	35	250	182
0	8	94	160
0	54	55	143
62	59	74	132
0	58	61	141
60	25	86	147
41	12	183	183
0	57	183	187
0	43	94	153
58	29	145	199
0	34	99	171
53	6	136	178
80	31	255	191
0	24	101	164
0	35	95	180
63	21	132	147
0	14	168	183
0	16	155	188
0	0	159	190
0	29	175	182
0	33	210	170
236	59	110	181
187	115	128	142
161	77	185	183
159	74	187	186
261	87	85	142
191	62	130	187
0	131	225	129
100	138	223	122
95	128	231	132
74	88	229	172
47	69	253	191
49	45	254	215
29	41	293	219
33	34	266	226
20	44	266	216
0	46	284	214
0	41	280	219
2	48	247	212
9	51	226	209
7	45	231	210
17	45	216	196
44	64	160	145
0	52	148	172
66	86	84	103
55	79	104	111
86	84	86	87
92	90	72	83
118	97	53	68
134	96	49	65
121	94	74	64
124	101	91	57
154	102	50	54
178	101	37	51
184	101	38	50
192	101	38	46
194	99	37	51
197	104	37	44
198	98	37	54
240	43	53	64
167	27	95	106
51	44	155	133
60	27	152	162
0	0	155	148
0	0	141	183
48	26	153	168
34	3	198	184
0	0	163	153
26	2	180	184
0	0	163	150
0	0	135	153
0	27	137	180
0	16	137	183
0	33	140	174
0	33	138	179
0	78	69	149
0	40	73	168
0	22	96	200
0	0	107	149
0	67	64	134
0	45	85	164
9	0	142	118
81	46	155	148
0	0	163	150
69	23	183	190
41	11	234	192
31	0	241	215
24	0	258	219
34	0	230	221
44	4	209	204
47	1	229	221
54	0	212	216
70	0	175	189
67	89	108	106
45	83	116	114
43	89	126	102
49	103	112	78
52	108	130	77
48	106	124	77
57	112	130	74
75	113	112	72
109	103	92	79
124	96	81	87
143	102	70	73
156	98	66	78
170	99	62	79
176	95	72	80
181	93	79	81
177	79	83	85
181	86	76	70
169	76	100	90
271	0	75	87
190	71	77	80
263	0	83	85
217	0	101	63
128	0	110	54
131	54	124	88
7	53	207	153
232	0	114	94
242	0	104	105
194	38	135	136
250	0	96	145
192	26	133	154
189	0	157	109
43	0	173	124
0	42	96	139
93	0	112	115
85	48	185	122
0	65	102	145
0	0	97	152
0	0	97	130
53	26	107	123
0	57	69	130
62	55	68	127
0	33	118	160
0	19	60	141
54	36	57	116
0	0	86	112
56	74	92	126
90	20	124	174
74	0	199	211
62	0	227	219
54	0	235	221
60	0	220	216
39	16	256	206
45	2	238	212
