163	150	34	47
153	143	57	71
136	116	118	136
121	51	219	176
0	0	171	149
0	0	135	150
0	0	109	135
0	35	95	132
0	0	76	130
0	0	67	100
10	33	83	103
17	33	91	128
0	59	81	130
0	0	66	132
0	77	69	116
24	0	66	133
0	0	38	60
0	41	31	56
20	76	33	59
0	64	33	96
0	3	34	93
10	11	64	115
0	74	67	102
103	0	60	85
8	65	111	76
9	0	171	203
0	27	132	201
8	12	175	184
0	27	129	160
0	53	68	139
118	0	63	76
85	10	115	101
208	0	114	61
300	0	46	42
317	0	29	36
307	0	24	45
281	5	26	39
273	0	50	26
230	0	67	32
189	0	59	39
131	0	78	37
202	0	60	27
154	32	53	30
115	0	54	50
169	0	61	30
129	0	66	43
158	0	54	46
127	0	96	50
112	0	93	54
9	0	101	39
0	11	76	60
8	6	109	119
0	0	92	110
0	0	70	69
0	0	29	39
43	0	17	30
22	0	24	23
0	0	38	25
0	3	44	45
0	0	40	47
2	2	50	49
9	0	58	69
0	38	56	72
0	0	26	48
25	0	22	39
0	0	44	33
20	0	38	51
37	0	44	47
0	37	57	52
0	35	12	83
0	52	15	65
4	86	23	42
24	51	30	61
68	4	41	57
51	8	87	75
57	0	121	60
71	0	137	57
0	0	81	44
2	0	94	82
0	0	38	49
10	0	59	73
24	12	92	93
0	0	44	57
5	0	70	79
0	0	84	107
0	0	53	60
14	2	89	79
0	16	90	93
0	37	75	104
0	41	69	116
0	66	43	100
0	54	53	106
23	39	77	138
138	30	60	103
114	0	140	139
264	0	82	79
274	74	48	72
244	61	78	127
124	160	113	100
0	167	149	93
0	182	74	78
0	103	66	92
97	12	54	101
35	15	93	81
25	18	115	101
160	0	94	64
45	0	108	41
47	4	87	66
54	0	86	78
25	0	116	89
157	0	90	55
56	0	98	37
27	0	95	60
7	0	103	74
0	0	78	59
0	0	53	68
0	0	44	45
0	0	43	47
0	0	36	45
0	3	26	48
0	0	33	41
23	47	39	32
7	42	58	63
3	58	91	108
13	89	84	77
115	0	68	90
111	64	68	83
91	62	110	101
78	65	142	115
87	69	132	115
93	73	122	108
108	84	102	98
88	84	102	108
205	0	111	86
306	64	40	51
283	58	46	71
317	0	29	65
266	0	41	46
293	0	52	26
299	5	47	52
290	0	53	75
287	0	58	44
284	14	62	58
273	10	73	85
261	14	85	111
222	59	82	121
121	163	103	97
100	135	125	125
83	120	142	118
79	117	107	107
80	120	103	88
101	117	73	75
94	95	107	100
93	99	104	96
90	123	139	137
91	147	203	113
258	0	88	92
163	0	87	84
86	79	132	82
219	0	108	78
292	0	54	49
262	39	42	47
270	44	41	76
264	48	48	76
182	84	58	61
115	0	92	101
219	0	103	53
208	0	104	47
202	0	108	46
206	0	112	45
197	0	119	59
194	0	124	54
198	0	121	53
197	0	123	51
123	0	109	67
229	0	90	45
166	0	91	53
68	0	94	36
77	0	89	39
63	0	94	40
119	52	64	59
50	0	99	67
20	0	134	56
0	0	81	53
34	0	78	46
49	44	83	62
41	0	113	67
0	0	94	58
0	0	65	50
28	66	57	51
8	68	103	103
0	0	68	139
81	102	52	102
75	4	102	134
0	0	136	110
0	103	96	104
129	0	74	101
219	0	92	50
149	0	101	57
129	51	105	85
108	125	102	104
0	2	91	112
0	0	40	59
45	39	60	59
111	0	62	45
82	0	85	36
75	0	95	38
19	59	95	49
53	0	98	85
23	0	139	78
32	0	157	87
30	0	157	78
0	0	158	93
37	0	147	81
57	0	148	73
192	0	112	54
184	44	128	86
102	83	142	177
79	151	185	109
77	124	187	136
259	0	87	83
308	0	38	45
270	39	25	44
261	30	49	54
211	40	59	67
118	53	70	87
29	0	123	76
2	85	96	83
0	127	41	106
64	142	34	85
113	88	58	71
95	72	84	87
190	0	90	75
284	0	62	44
233	0	56	47
179	0	76	36
171	0	83	47
190	0	92	43
191	0	101	42
113	55	78	50
148	68	39	71
128	62	57	75
195	0	71	69
178	46	124	92
281	0	65	74
259	0	85	61
186	60	87	64
121	90	67	118
209	0	96	112
56	97	119	89
0	0	119	113
84	90	98	106
95	96	80	102
62	76	126	140
105	131	112	129
93	141	203	119
255	0	91	91
227	43	70	89
199	0	105	83
60	75	131	71
183	0	107	74
55	70	143	76
0	0	109	125
0	0	86	106
122	0	68	54
193	0	64	32
145	0	71	39
104	0	79	34
64	0	85	33
9	52	94	45
24	0	87	65
0	0	77	52
0	0	53	62
0	0	45	62
0	0	42	56
0	39	42	60
0	0	50	71
0	69	41	56
35	92	46	69
31	79	31	68
48	97	45	58
54	96	23	44
54	88	35	58
69	73	33	69
75	66	39	70
98	66	31	57
110	61	37	57
111	47	68	79
27	0	123	99
166	0	104	61
72	58	127	72
0	105	78	106
0	107	68	128
113	11	66	106
218	58	47	48
200	57	40	53
201	50	52	59
130	0	85	82
111	0	118	61
222	0	89	44
241	43	100	73
241	65	46	63
186	3	64	98
266	0	80	47
253	61	56	50
240	63	40	61
183	0	71	83
261	0	85	46
232	70	59	54
217	73	51	60
218	89	35	49
206	83	42	49
196	90	44	51
184	101	45	51
172	106	49	50
155	101	52	60
115	46	65	99
16	0	129	80
0	0	112	70
0	0	72	78
22	0	80	55
0	64	37	48
53	13	31	57
0	0	63	50
22	48	57	66
0	0	61	66
22	56	67	71
0	0	57	72
78	0	50	39
30	37	63	41
93	0	52	37
115	13	49	42
65	0	75	53
58	0	101	42
73	0	102	44
7	0	102	56
70	67	83	79
0	0	92	113
50	0	113	93
176	0	100	55
92	0	119	58
95	0	127	55
210	0	88	41
155	62	84	47
235	0	67	57
223	0	110	61
127	78	79	60
208	0	75	77
292	0	54	44
293	0	53	61
301	0	45	60
289	0	57	60
298	0	48	54
289	0	54	35
315	0	31	46
312	0	34	44
304	0	39	24
300	0	46	31
292	44	36	32
284	36	48	57
261	20	66	98
259	52	75	103
241	0	86	121
297	0	49	60
266	24	78	70
283	56	57	90
295	47	44	114
297	44	45	96
325	46	21	76
301	55	45	70
309	52	37	61
314	70	32	73
307	72	34	68
324	19	22	64
317	70	29	50
307	75	31	61
327	26	19	60
316	57	25	50
292	69	34	69
237	112	43	54
259	110	43	50
253	109	46	57
276	50	64	101
239	90	64	74
232	108	68	65
222	103	69	65
220	103	53	60
209	98	55	61
207	97	61	63
205	99	52	63
204	101	55	58
197	109	56	53
192	107	68	60
191	100	63	67
204	107	47	60
200	99	53	68
145	117	56	59
204	41	68	82
284	0	62	55
258	20	67	71
262	62	74	91
308	0	38	69
279	29	46	73
284	55	51	92
273	48	52	104
269	47	63	107
153	50	72	84
238	0	83	59
235	0	98	49
163	0	99	57
78	0	120	63
195	0	93	46
245	0	81	50
186	0	75	53
261	0	66	33
312	0	34	53
303	7	43	53
286	4	60	75
286	0	60	92
245	62	78	84
303	0	43	66
287	0	59	58
279	0	67	63
289	0	57	57
273	0	73	66
270	0	76	60
214	54	61	62
146	0	76	85
36	0	134	68
162	0	100	49
255	0	77	36
245	37	68	46
246	63	66	83
242	47	71	122
107	36	88	109
211	0	106	69
96	77	105	59
141	76	62	64
71	0	96	92
174	0	103	51
96	78	97	52
189	0	74	70
272	0	74	40
222	0	62	48
229	0	88	47
228	0	96	43
161	0	99	51
251	0	78	36
241	9	72	54
166	0	93	62
254	0	85	41
277	49	62	54
260	39	77	116
225	81	88	126
87	98	140	127
237	0	109	80
133	0	113	85
250	0	96	51
293	0	47	57
262	0	84	71
266	0	80	77
190	46	125	75
201	96	128	116
284	0	62	84
243	62	55	85
165	101	97	85
268	0	78	101
146	0	83	54
73	0	104	57
9	0	128	63
0	0	86	57
97	0	57	36
102	12	58	47
39	0	83	54
0	0	71	60
0	22	58	77
0	0	49	79
0	0	44	65
0	49	39	58
60	0	33	55
65	37	65	55
1	0	91	57
22	0	87	49
35	16	123	74
0	0	99	94
14	0	117	87
17	0	136	88
0	0	130	77
32	0	120	68
0	0	90	76
0	0	79	58
27	0	81	47
0	0	69	54
0	0	51	57
30	41	65	69
107	0	64	50
46	0	89	39
0	58	82	49
0	0	50	64
13	65	54	66
43	0	71	85
50	0	109	57
0	0	96	68
9	66	85	103
0	0	78	116
3	93	72	96
0	147	73	113
112	50	65	97
9	0	118	109
157	0	88	61
145	0	121	63
258	0	88	45
299	54	44	54
246	0	47	86
148	70	81	54
228	0	71	67
226	0	108	59
221	0	117	65
232	0	107	57
143	62	72	55
214	0	71	62
115	62	94	55
204	0	77	56
210	53	98	71
190	43	126	139
95	134	122	124
84	121	143	135
65	118	199	142
72	154	197	106
51	136	199	124
86	153	186	107
58	123	209	137
68	123	198	137
70	118	212	142
66	106	193	154
66	84	177	176
0	0	134	138
0	0	97	125
0	0	74	76
96	0	57	42
111	18	75	68
106	61	106	99
220	0	110	73
189	0	121	58
171	0	142	68
194	0	149	63
183	0	146	78
201	0	140	70
203	0	126	63
102	85	88	65
191	0	82	83
160	0	177	73
175	0	155	72
172	0	141	66
286	0	60	49
256	0	90	76
260	0	86	88
276	0	70	84
209	72	60	72
145	0	89	113
0	92	128	86
143	0	87	86
238	0	93	47
285	0	61	41
289	0	55	34
302	0	44	29
302	0	44	33
307	0	39	26
298	0	39	20
310	0	36	18
315	2	30	27
314	1	24	29
316	2	26	32
308	2	28	28
305	0	37	37
300	2	39	56
310	24	33	55
283	4	61	80
203	0	72	72
108	86	93	57
24	0	119	118
174	0	101	63
273	0	73	43
249	5	94	83
200	67	97	111
129	131	99	129
74	125	166	123
72	135	146	125
81	139	117	102
79	123	105	124
0	7	109	148
0	133	56	114
0	59	56	122
13	0	81	104
96	101	58	80
165	20	73	89
34	90	121	73
158	0	92	83
101	0	141	63
43	81	134	89
185	0	104	81
73	105	112	69
0	2	101	135
29	0	103	122
25	0	132	85
0	0	91	93
118	0	70	52
33	0	124	57
150	0	86	42
89	0	95	50
27	0	119	57
0	0	90	49
44	51	71	72
0	0	102	73
0	0	82	60
0	4	32	71
0	16	21	60
14	0	36	62
19	9	71	70
103	0	63	44
35	0	92	44
0	0	39	34
12	10	41	49
0	15	22	52
8	5	42	72
0	0	32	42
11	6	53	54
8	74	54	46
16	96	55	77
77	90	95	84
60	117	130	143
82	114	167	146
0	0	166	105
185	0	109	71
84	82	160	76
78	128	169	132
40	106	223	154
259	0	87	82
248	40	98	105
303	49	43	93
296	63	35	75
321	8	25	68
273	0	35	49
260	0	71	32
316	0	30	25
291	5	22	32
298	0	48	39
298	16	47	61
298	13	43	93
294	23	46	90
293	9	50	115
263	40	83	97
169	0	83	107
266	0	80	58
301	0	45	41
272	10	53	67
283	8	56	62
265	4	80	70
263	0	74	53
255	2	91	69
264	2	75	77
283	4	54	72
290	0	48	58
273	0	73	55
297	0	49	60
298	0	48	58
260	48	49	50
232	46	56	92
215	58	50	81
230	51	51	77
238	52	38	63
235	57	77	61
247	55	50	74
252	56	56	71
257	67	40	67
247	62	65	75
168	126	84	85
37	22	116	101
0	111	114	118
152	0	85	98
248	0	94	50
224	0	85	45
139	0	85	32
213	0	59	25
221	31	53	40
152	0	64	34
106	0	64	39
47	0	89	47
0	13	119	77
41	0	111	71
0	3	99	102
23	0	147	101
0	0	117	82
0	0	40	52
18	14	47	63
80	0	53	41
110	0	60	29
65	0	69	37
18	37	79	49
6	0	86	59
91	0	63	61
108	75	82	57
39	0	104	87
38	0	129	62
14	0	127	57
0	0	99	57
39	0	97	47
0	0	82	44
45	54	59	54
0	0	68	87
95	0	60	48
28	0	86	36
0	39	80	59
5	0	80	63
69	0	70	59
28	0	103	47
0	52	86	68
104	0	59	57
72	0	97	41
53	46	115	79
0	0	120	83
140	0	75	52
57	0	118	57
4	0	140	56
19	0	116	57
25	0	124	54
29	0	123	54
20	0	123	53
20	0	119	51
0	0	70	49
0	19	54	66
0	19	48	84
73	0	47	47
89	40	67	52
158	0	65	45
78	0	76	29
85	18	86	61
103	76	70	72
17	135	107	90
143	13	85	110
245	0	101	60
231	44	34	53
226	29	66	77
251	33	37	63
251	37	48	61
257	30	48	74
258	28	50	76
264	33	46	75
268	38	50	70
268	39	54	63
273	36	63	73
258	43	66	73
256	63	47	55
249	60	51	60
253	73	39	51
247	66	43	82
224	57	76	91
190	0	118	84
174	0	144	66
176	0	139	62
171	0	150	57
239	41	107	77
253	32	79	120
155	113	76	101
119	120	89	124
79	117	131	113
92	122	168	138
80	121	192	139
68	105	188	155
54	122	190	138
92	144	162	116
90	144	176	116
259	0	87	97
166	110	79	74
88	92	103	142
97	133	160	127
113	126	203	134
0	79	103	129
0	0	82	143
20	0	111	88
0	0	84	89
0	0	71	60
86	0	52	36
126	34	53	43
139	48	60	71
182	0	70	85
101	69	95	79
202	0	92	69
292	0	54	43
267	47	41	46
314	0	32	49
270	11	42	65
201	0	76	61
99	60	95	55
33	0	118	98
0	0	105	76
26	0	110	76
23	0	138	76
12	0	137	64
144	0	89	47
226	0	73	34
253	0	72	32
254	0	72	43
261	0	65	44
236	0	110	48
193	55	66	62
265	0	68	55
212	49	57	62
131	41	80	71
216	0	83	57
200	28	35	40
204	13	47	54
203	6	72	60
215	9	43	62
221	1	52	72
224	7	54	64
231	12	40	53
215	7	79	63
231	0	77	66
218	32	83	81
108	33	89	85
0	0	134	70
140	0	80	49
146	0	100	41
118	0	91	42
199	0	70	33
203	21	89	64
175	0	116	59
186	0	134	54
124	74	103	69
140	131	79	102
87	93	127	156
0	0	147	145
93	125	114	135
60	153	170	107
61	150	175	110
42	147	175	113
50	92	210	142
18	38	265	214
37	53	171	146
29	74	192	186
259	0	87	84
234	0	84	62
258	0	85	47
289	0	57	80
278	0	63	76
294	0	51	84
304	0	42	78
311	0	35	72
285	30	57	90
230	3	73	108
183	28	122	116
281	0	65	74
245	16	79	99
139	0	114	95
129	0	159	73
51	80	144	91
0	0	131	134
0	0	108	124
36	0	119	82
25	0	133	64
9	0	133	74
149	0	86	52
231	0	71	35
162	0	71	26
222	0	50	21
217	2	50	47
162	0	67	46
227	0	62	30
207	0	86	61
260	27	80	79
254	26	79	106
256	35	76	117
246	50	73	102
249	45	76	115
267	0	79	82
253	14	57	76
247	0	78	88
234	1	96	117
88	0	105	60
22	0	125	51
0	68	46	58
0	98	36	68
26	139	42	60
38	133	65	81
0	36	62	112
107	89	46	83
88	76	96	97
0	97	106	137
9	0	130	115
121	83	64	85
115	78	83	91
109	55	115	118
0	115	159	145
0	0	130	106
118	114	74	88
90	97	113	114
0	0	122	146
58	0	127	100
194	0	108	59
156	0	140	75
167	0	168	83
182	0	161	92
55	0	157	94
215	0	116	61
200	0	110	56
95	0	106	41
25	0	114	55
0	19	89	100
19	0	96	78
0	0	41	48
0	26	39	59
0	32	38	90
0	0	22	49
12	10	33	55
20	20	50	69
0	0	40	46
17	15	45	54
0	0	24	34
7	0	27	37
0	0	37	24
0	0	24	29
0	0	26	27
0	0	24	27
0	0	28	23
0	0	23	19
1	0	25	19
10	0	28	19
8	7	39	32
0	13	37	53
0	12	35	68
0	23	39	73
0	64	45	82
0	3	38	108
0	22	46	90
21	0	70	75
93	0	69	47
67	39	101	67
100	104	86	81
90	121	107	85
200	0	105	112
64	0	150	90
212	0	117	59
267	0	79	45
271	17	63	87
262	38	79	93
256	49	68	114
256	45	65	118
247	0	87	102
147	0	90	91
207	83	90	80
156	67	116	140
83	152	146	108
63	124	171	136
72	138	182	122
93	154	189	106
55	135	194	125
0	135	189	125
96	128	163	132
260	0	86	91
306	0	40	52
314	25	32	66
318	0	28	60
273	25	28	61
230	23	76	70
301	0	45	48
242	25	66	60
248	43	50	70
243	45	74	76
226	32	103	128
69	89	122	120
211	0	115	80
204	0	126	64
187	0	121	57
176	0	128	52
74	76	116	58
180	0	93	67
88	90	97	59
0	0	128	130
0	0	123	96
0	0	90	98
0	0	93	87
36	0	100	66
0	0	103	68
0	0	38	44
10	4	60	64
0	61	72	67
50	88	66	81
36	86	122	95
175	0	96	80
279	0	67	45
288	0	52	47
299	0	45	31
325	0	21	19
316	0	30	30
323	0	23	36
331	15	15	35
336	19	10	30
336	17	10	20
334	0	12	28
333	0	13	23
336	0	10	19
328	3	16	21
319	0	23	29
311	9	17	28
274	0	31	16
293	0	27	13
300	6	22	21
311	6	25	31
298	3	45	47
308	13	31	45
291	9	46	58
300	13	38	64
296	13	43	60
277	0	68	80
199	61	86	85
80	125	106	100
88	119	150	141
76	120	160	140
76	120	176	140
87	126	179	134
0	0	134	137
177	0	99	73
75	95	107	67
179	0	92	89
64	0	143	76
202	0	111	52
297	0	49	39
279	36	29	39
247	40	56	72
226	18	69	86
240	52	91	105
146	109	86	136
28	138	151	122
0	0	106	147
0	0	88	120
0	0	73	98
107	0	60	48
50	0	83	37
55	35	81	73
144	0	82	52
223	0	75	35
174	0	75	41
229	0	65	31
219	0	87	42
205	0	94	40
198	0	99	39
198	0	108	56
194	0	126	73
292	0	54	48
270	0	70	61
266	0	80	68
234	56	55	61
225	50	67	74
240	48	54	76
231	49	62	72
125	0	93	54
106	77	106	62
41	115	104	102
0	0	52	106
90	0	50	46
121	24	58	63
54	0	91	52
66	65	79	54
147	0	67	62
59	0	114	61
10	0	134	67
20	0	130	75
49	0	131	63
171	0	98	46
209	0	92	54
190	0	121	60
187	0	136	70
181	0	141	79
75	0	143	89
217	0	118	57
198	0	121	68
173	0	147	77
59	0	150	80
200	0	114	55
123	0	113	66
26	0	143	75
170	0	97	52
235	0	75	44
255	6	91	56
259	0	87	71
275	0	71	70
280	0	64	65
282	0	64	61
286	0	60	56
305	0	41	43
316	0	29	40
278	0	32	34
283	0	51	34
237	0	60	36
295	0	51	24
328	0	18	19
334	0	12	26
327	0	17	25
323	0	22	26
317	0	29	34
316	1	25	38
328	8	18	32
307	5	33	48
289	0	40	29
254	2	38	38
253	5	52	48
191	0	81	50
204	4	85	68
117	0	111	69
12	0	153	77
166	0	100	55
93	0	100	63
0	0	88	42
19	16	75	75
0	0	60	55
19	13	69	81
0	0	48	50
21	19	52	58
0	0	27	38
13	19	25	35
10	10	53	62
0	0	44	45
16	12	53	61
85	0	49	37
94	21	49	43
32	0	81	53
36	0	99	46
0	0	80	44
19	36	101	75
78	70	135	102
91	92	98	94
82	89	106	101
0	0	93	102
27	0	108	70
6	0	125	73
141	0	79	51
220	0	67	34
210	11	64	61
197	0	99	49
289	0	57	34
271	16	62	57
269	11	62	91
225	69	79	108
136	152	81	105
101	132	123	128
82	142	187	118
0	124	173	136
0	109	135	140
103	153	116	107
56	101	166	157
67	151	183	109
89	169	192	91
69	132	179	120
252	0	94	89
305	0	41	50
264	30	43	56
242	34	50	60
226	36	76	87
138	89	115	105
6	135	206	125
88	80	119	111
0	0	155	152
0	0	110	104
45	0	118	75
19	0	149	78
171	0	97	53
88	0	118	56
194	0	93	43
217	0	96	40
195	0	99	42
206	0	98	57
105	70	98	60
201	0	82	65
194	73	111	66
242	90	68	85
237	98	45	75
215	89	78	94
211	94	73	86
219	110	57	65
222	94	56	74
223	98	59	70
212	59	79	119
56	71	123	110
197	0	113	82
60	87	125	71
0	127	114	129
25	0	124	134
0	0	119	94
9	0	122	76
0	0	101	66
0	0	94	55
0	0	56	48
0	0	45	67
0	0	48	73
0	0	49	79
0	0	50	87
0	0	25	41
0	5	26	54
0	0	34	73
0	16	38	75
0	22	48	91
38	0	67	63
0	28	72	80
47	0	79	68
0	25	86	104
122	0	70	62
41	0	110	60
25	0	123	55
138	0	84	41
93	48	75	52
18	93	107	83
0	0	85	141
95	103	74	116
126	98	88	147
237	0	109	106
101	73	89	95
0	0	144	104
24	0	140	84
7	0	145	71
48	0	127	67
20	0	146	61
1	0	127	63
51	0	113	57
25	0	131	53
0	0	46	41
12	0	57	64
0	11	58	83
0	29	34	89
27	0	61	86
44	0	91	56
0	0	41	37
13	7	51	60
0	26	29	58
11	12	43	73
35	58	53	69
18	90	92	116
0	128	90	132
135	17	79	101
155	81	97	75
113	52	131	141
81	82	144	141
0	0	141	139
183	0	105	78
195	0	126	62
84	0	106	45
6	0	121	60
38	0	112	57
0	0	45	41
0	1	41	68
12	0	63	81
22	16	85	95
0	41	71	111
84	95	62	127
0	10	97	149
9	0	128	117
168	0	93	65
222	68	67	61
199	46	82	111
204	63	90	104
200	45	93	133
106	127	109	133
111	167	101	93
121	140	128	108
255	1	91	114
302	0	44	57
255	30	38	50
238	23	65	82
162	37	66	75
92	84	94	87
116	86	80	88
109	79	93	101
0	0	135	138
89	84	123	109
103	87	110	104
0	0	143	146
21	0	167	101
199	0	112	65
109	0	119	70
218	0	106	48
156	0	87	59
75	0	112	62
60	0	131	57
175	0	96	44
263	0	72	35
269	0	77	57
280	3	52	69
276	0	57	78
213	61	96	71
248	59	50	82
223	51	72	86
130	0	102	98
3	0	155	66
157	0	86	49
65	0	90	33
73	52	65	49
85	76	75	94
0	0	111	133
48	0	128	87
11	0	154	73
0	0	105	71
34	0	104	58
27	0	126	51
0	37	84	78
46	0	85	72
0	13	91	86
0	0	36	52
20	9	57	44
2	5	85	74
6	42	106	107
145	0	82	69
33	0	102	40
0	8	72	87
0	0	31	60
5	7	64	74
0	83	52	66
74	11	42	78
0	0	57	40
10	15	73	65
41	0	82	56
28	0	127	57
35	0	122	54
1	0	143	69
146	0	85	50
145	0	99	44
204	0	80	42
192	1	71	63
212	0	84	55
227	0	106	51
306	0	40	36
292	3	54	49
292	9	54	48
302	6	44	53
320	6	26	54
316	9	30	55
324	17	22	46
310	23	33	48
286	25	60	86
237	10	66	123
226	21	108	113
211	36	110	132
171	0	141	100
124	0	164	97
0	134	177	99
116	114	133	146
101	119	157	141
256	0	90	84
252	53	67	78
228	51	83	136
69	100	116	118
200	0	121	91
64	108	134	83
106	114	86	106
206	0	106	116
234	38	96	108
218	63	75	113
213	83	76	113
131	166	75	94
77	119	104	98
71	124	116	93
60	117	136	118
0	141	147	119
0	0	106	152
0	0	83	88
122	44	45	68
52	0	75	82
141	0	79	45
134	44	104	58
230	39	62	89
225	24	71	110
255	73	56	86
243	79	49	84
240	77	66	81
242	68	55	99
233	66	63	94
157	136	79	89
119	119	115	141
120	136	185	124
107	129	190	131
0	70	171	163
218	0	128	84
119	0	121	92
17	91	155	101
0	112	126	148
89	95	99	105
0	0	133	118
51	83	154	133
0	0	146	133
95	99	100	119
0	0	135	152
183	0	101	79
71	100	115	72
0	0	117	141
0	117	50	114
5	102	77	148
130	0	78	109
105	2	134	111
0	133	155	106
0	0	136	121
25	117	119	115
42	130	146	130
102	157	152	103
99	132	189	128
79	123	211	137
85	106	186	154
80	94	175	166
0	0	149	128
186	58	85	116
86	75	114	138
0	0	105	112
102	97	79	105
0	0	122	125
116	113	74	97
1	22	131	138
174	0	101	81
142	0	147	89
27	0	158	98
196	0	106	63
169	0	127	70
169	0	141	63
50	0	121	48
0	24	97	82
0	0	37	54
22	17	47	58
0	19	47	80
0	0	23	43
7	8	35	48
22	20	47	61
0	0	25	37
8	22	33	40
0	41	39	53
0	0	32	54
4	11	59	62
0	65	30	52
8	9	38	74
0	0	22	37
11	0	40	51
8	3	69	73
37	0	84	54
0	59	87	63
31	0	90	94
35	0	125	92
39	0	142	75
178	0	103	52
180	0	113	49
199	0	98	65
180	0	125	54
288	0	58	39
301	5	45	54
276	8	50	68
260	0	81	87
231	55	66	78
151	0	86	91
45	0	138	79
185	0	104	53
85	0	101	39
20	0	107	52
0	0	40	38
17	13	47	50
23	11	75	74
0	69	78	74
101	0	57	74
13	0	102	64
0	69	85	76
0	0	64	119
0	77	65	103
100	0	57	90
58	0	111	55
0	0	95	50
0	20	65	83
0	0	29	48
0	4	28	60
0	13	29	66
0	18	31	72
0	19	34	85
7	0	61	101
0	0	31	46
2	0	52	65
0	0	69	90
0	0	30	45
14	6	47	41
4	0	40	32
24	0	50	36
9	0	94	70
0	0	64	52
0	23	47	73
0	36	49	93
0	0	45	77
0	17	53	77
0	0	25	44
2	7	43	58
10	19	61	82
0	96	53	73
41	123	35	68
42	129	46	52
37	120	57	59
31	118	54	68
29	128	46	62
0	62	29	74
29	122	36	60
0	156	47	58
0	159	42	82
21	89	63	104
122	113	63	83
76	111	108	97
130	140	113	120
100	148	154	112
261	0	85	109
303	0	43	55
293	11	52	73
223	0	65	62
188	0	95	46
206	0	91	56
311	11	35	54
296	0	50	80
300	0	46	94
267	65	48	61
257	95	65	82
305	4	41	101
271	57	61	70
267	54	79	89
242	43	90	143
293	0	53	82
256	56	68	69
245	39	89	110
121	101	88	106
124	107	130	153
108	171	179	89
96	103	196	157
98	148	179	112
253	0	93	102
302	0	44	54
274	0	69	58
287	11	41	53
267	8	57	60
271	13	59	64
248	74	50	49
234	72	73	65
241	67	62	102
231	99	60	82
142	22	108	122
8	0	180	85
14	0	158	79
0	0	54	56
0	9	60	84
0	0	48	56
26	18	54	68
0	30	60	78
0	0	47	61
24	17	59	72
99	0	59	44
26	9	105	64
0	0	41	47
21	14	48	58
0	0	26	35
0	0	23	22
0	2	14	24
0	1	23	29
32	0	20	15
14	0	22	15
13	0	26	12
0	0	23	15
0	0	10	18
0	0	15	17
0	0	23	18
18	0	18	26
6	0	47	29
12	0	66	44
0	0	93	67
0	3	71	89
101	0	58	47
77	0	81	37
38	2	107	44
40	0	107	56
28	0	121	59
0	25	63	72
0	0	27	47
17	0	39	59
1	22	86	66
0	43	69	95
26	134	61	82
38	121	39	85
29	118	66	82
88	117	48	76
148	47	71	79
229	0	77	55
209	0	103	57
202	0	119	64
118	0	109	73
225	0	96	46
247	53	79	67
212	0	93	71
102	71	95	64
34	0	125	84
24	0	138	71
0	0	97	85
8	0	97	66
0	0	96	57
0	3	67	99
49	0	81	63
37	0	119	50
0	0	46	38
6	7	53	62
0	11	49	78
0	37	55	94
88	0	50	54
10	17	105	68
0	80	78	91
108	0	58	86
0	0	109	45
0	45	72	77
17	70	123	112
122	126	90	134
126	117	124	143
125	128	137	132
105	131	177	129
102	131	186	129
99	143	179	117
118	133	193	127
261	0	85	83
242	63	79	104
235	50	65	129
211	50	99	129
154	116	144	144
0	0	170	138
205	0	121	85
73	81	108	77
0	0	112	135
66	92	118	116
0	0	161	109
94	123	95	102
65	132	110	81
61	129	125	96
50	116	149	119
217	0	120	87
295	0	51	51
258	1	75	71
283	10	52	73
243	21	75	98
224	0	105	70
135	0	108	75
242	0	98	47
253	50	88	67
253	35	86	117
155	117	87	131
116	103	150	157
94	106	196	154
86	108	212	152
80	102	217	158
69	122	205	138
87	132	208	128
254	0	92	88
239	51	62	90
229	0	100	77
145	0	90	77
40	0	132	55
0	0	104	55
0	0	89	51
50	51	72	71
85	102	81	127
62	114	105	100
0	0	80	122
80	110	42	58
86	114	48	60
104	110	71	94
188	10	90	109
167	0	148	76
32	0	132	53
15	0	142	68
13	0	127	65
0	44	48	66
0	31	44	88
0	0	23	47
0	31	24	39
0	23	24	59
0	29	30	66
0	32	30	68
0	34	31	76
0	0	17	49
0	13	20	41
0	32	19	36
0	26	20	52
0	27	23	61
0	31	30	72
38	0	38	65
0	15	63	70
6	0	84	72
41	0	97	53
0	0	126	49
14	0	107	50
0	7	79	101
29	0	105	85
22	0	124	66
35	0	121	59
0	0	47	43
0	6	40	69
0	7	40	92
22	13	73	100
50	0	100	70
0	0	81	53
0	47	61	69
0	0	49	80
0	20	48	92
0	0	25	46
11	5	44	60
0	31	49	69
0	68	42	78
0	9	42	102
0	0	43	68
0	24	46	65
0	0	20	39
9	23	32	39
0	39	34	55
0	68	28	60
35	87	32	80
26	107	56	66
6	103	82	86
0	0	89	130
0	0	84	81
0	0	65	75
87	0	54	41
29	12	90	58
44	0	111	53
0	0	107	77
0	0	78	80
23	0	86	57
0	0	78	85
41	0	88	60
0	0	41	38
0	8	33	55
0	7	34	68
0	1	36	76
0	15	39	71
0	25	41	90
0	0	22	46
17	3	35	39
0	28	40	47
0	22	45	74
0	0	22	41
14	3	35	51
14	8	63	73
0	0	56	59
10	21	70	83
106	0	61	50
86	0	92	39
7	0	85	29
0	0	66	74
0	0	66	113
0	32	45	87
0	44	31	68
2	27	47	99
79	39	36	80
119	97	59	74
109	109	97	102
110	88	114	110
104	161	118	99
0	29	119	110
108	134	55	65
89	109	98	104
200	0	105	105
277	67	65	87
255	72	42	74
297	4	49	85
274	37	41	68
291	24	45	73
262	33	46	82
253	28	68	90
211	11	85	101
304	18	42	70
277	0	57	88
274	1	60	84
238	66	68	79
226	59	86	113
121	116	117	144
102	139	176	121
81	134	188	126
69	146	206	114
254	0	92	93
243	25	75	89
152	0	92	89
106	0	158	63
75	0	213	80
0	134	129	96
109	150	72	110
95	131	125	129
0	0	126	154
179	0	96	78
277	0	69	47
290	10	48	64
293	1	53	89
274	0	71	103
183	0	78	82
274	0	72	45
278	0	68	70
290	0	56	84
234	51	95	68
240	35	77	117
117	92	122	166
88	131	175	129
50	126	201	134
84	131	192	129
72	123	198	137
255	0	91	85
198	0	95	62
117	83	107	63
220	0	89	77
185	60	113	91
71	122	132	128
218	0	128	100
111	0	99	98
0	0	151	88
0	0	106	93
0	0	83	101
15	0	120	86
147	0	88	53
79	0	87	54
12	0	122	59
0	0	109	56
4	0	100	50
74	52	72	87
157	0	88	62
180	0	109	51
263	0	82	45
270	0	76	74
295	4	45	71
273	0	73	75
276	0	70	83
230	55	63	111
214	43	99	148
124	131	87	129
119	129	104	131
107	153	133	107
97	156	146	104
0	153	94	106
127	44	76	92
215	0	91	64
182	0	113	52
177	0	117	48
90	79	87	52
174	0	72	75
78	0	119	68
0	0	166	79
20	0	143	75
0	0	143	73
0	0	147	86
10	0	132	72
0	0	44	49
5	4	67	77
0	0	31	43
0	4	46	59
0	11	40	72
24	24	57	92
0	0	32	50
8	4	48	67
20	20	72	81
0	0	36	48
5	10	55	63
0	29	51	81
0	31	46	102
0	39	51	105
0	0	26	56
0	19	28	51
15	18	37	67
0	23	40	78
0	0	21	41
0	14	23	40
0	33	24	42
0	26	25	61
0	27	31	76
0	0	34	69
0	23	40	67
0	23	43	87
25	0	67	57
0	27	67	74
28	0	86	78
0	0	129	126
170	0	89	66
261	0	83	40
283	19	44	64
291	17	40	84
283	15	57	107
276	23	57	91
275	16	63	105
282	32	49	83
309	20	37	85
300	4	46	96
300	4	46	97
303	4	43	84
293	0	53	67
263	0	83	71
188	0	74	71
271	0	75	38
284	4	53	58
231	60	42	45
216	50	73	67
142	0	88	89
3	0	121	48
0	0	76	52
46	17	46	39
34	11	75	62
118	0	65	39
81	3	107	38
106	0	76	53
115	1	61	57
109	0	85	63
36	0	93	62
0	0	42	40
30	29	38	27
37	14	54	40
40	1	70	47
41	0	79	52
44	0	66	43
0	6	118	78
25	85	120	111
0	98	133	146
164	0	119	90
281	0	65	56
272	0	61	39
284	4	60	50
286	12	60	76
225	74	54	65
211	0	92	94
161	0	136	81
37	105	135	79
173	0	102	93
23	0	135	53
25	0	134	56
26	0	134	57
0	16	60	80
0	0	46	56
8	8	61	74
0	34	59	87
0	0	27	52
17	11	48	36
8	5	77	48
12	14	91	88
5	0	109	85
0	0	40	51
3	0	41	33
14	11	55	44
23	14	70	75
0	0	60	64
0	46	55	77
0	55	43	94
73	0	50	80
0	0	56	38
0	19	39	53
0	42	38	61
0	71	35	73
30	131	40	66
15	136	52	54
0	69	26	70
0	32	29	74
0	20	33	81
0	22	38	91
0	0	38	56
8	1	54	78
0	19	58	95
0	0	28	50
3	3	49	53
6	0	57	68
0	20	53	81
14	0	62	52
0	0	45	40
0	0	41	39
15	5	57	67
0	41	51	69
0	0	24	49
0	0	39	52
14	19	46	61
0	0	45	60
19	18	63	69
37	26	84	98
106	85	84	116
212	0	101	96
293	0	53	51
236	0	63	48
273	0	68	33
262	0	84	60
183	0	93	64
175	0	128	52
99	0	118	68
11	0	144	55
140	0	92	43
220	0	70	33
263	13	54	60
266	22	47	58
184	0	69	37
205	14	68	52
261	19	51	72
183	0	88	68
95	0	110	72
0	0	88	48
0	10	58	77
20	37	67	90
46	0	91	74
0	76	44	62
0	4	36	88
12	22	58	86
40	0	79	64
0	0	42	41
19	14	45	52
0	30	27	57
0	53	30	60
0	77	32	69
11	89	60	79
4	71	104	144
109	135	80	125
118	148	115	108
98	137	146	123
85	154	132	106
0	156	134	104
112	158	85	102
105	148	81	101
92	148	118	106
221	19	118	107
165	0	123	87
36	104	136	82
0	0	102	143
151	0	85	69
89	81	87	67
180	0	80	79
267	0	79	41
262	0	63	37
268	35	55	53
302	13	33	50
297	18	32	44
274	8	67	50
294	9	52	58
289	9	57	63
303	7	43	66
300	11	46	52
303	2	43	65
289	0	57	67
273	0	73	72
284	0	62	70
283	0	63	72
241	72	62	68
217	55	85	94
238	67	60	82
231	58	62	88
231	60	66	84
144	0	92	105
128	0	152	70
41	0	147	66
173	0	103	49
174	0	117	46
119	59	90	64
210	0	80	58
143	0	83	57
158	0	108	48
212	78	85	56
201	72	80	82
292	0	54	73
325	46	21	48
302	31	42	65
316	31	30	107
305	14	41	123
303	13	38	92
297	5	49	97
324	12	22	90
299	5	47	91
282	0	64	94
325	5	21	71
302	4	44	61
283	0	63	69
310	0	36	68
278	0	68	58
248	57	66	70
174	119	77	81
139	159	93	101
26	103	160	103
199	0	110	81
184	0	131	65
182	0	135	60
70	0	113	45
27	0	130	46
0	0	46	38
10	4	55	62
0	13	58	77
0	0	27	42
9	0	48	52
20	9	64	68
19	0	109	76
39	0	120	64
32	0	131	57
0	0	49	42
7	0	64	72
0	55	63	75
34	0	73	76
0	0	66	51
14	12	82	83
45	0	100	63
31	0	124	55
32	0	125	55
23	0	144	69
0	0	96	92
33	0	130	89
0	0	56	58
0	23	47	72
0	46	46	84
75	0	42	58
61	12	100	65
0	94	90	72
0	0	59	102
93	0	56	48
28	22	90	64
0	0	66	58
0	25	59	76
0	38	29	79
0	48	35	84
62	0	38	68
0	23	83	66
98	0	59	49
159	0	63	29
203	0	45	36
198	4	56	58
220	62	53	53
213	52	64	64
141	0	82	83
41	0	118	77
0	0	92	87
