74	146	48	35
18	131	95	65
0	20	78	160
0	0	84	146
0	0	88	126
0	0	89	114
37	0	116	79
0	69	115	111
0	154	91	106
92	140	41	48
92	147	41	38
97	150	40	38
99	150	41	39
103	148	39	41
106	147	37	41
109	147	33	41
112	148	33	41
114	148	32	44
116	150	36	41
118	151	37	41
120	152	38	43
117	152	43	42
117	153	44	39
114	155	43	43
117	155	45	42
114	153	46	44
107	145	57	58
103	144	59	63
115	142	51	63
119	143	54	59
120	140	52	58
120	136	53	61
118	133	61	65
114	130	62	76
113	137	61	68
115	139	59	64
111	138	63	69
110	141	61	64
109	143	59	60
106	144	61	57
104	146	61	56
101	148	64	52
98	150	61	50
95	153	67	47
94	151	66	47
91	151	64	48
82	151	76	49
83	148	75	56
79	145	84	65
73	137	89	80
72	119	93	113
71	108	97	122
52	124	148	136
0	0	155	160
0	0	133	114
0	0	95	87
0	0	72	92
2	0	92	66
0	0	70	54
0	0	48	57
26	49	44	60
0	48	48	84
7	43	75	124
0	0	96	117
0	0	88	82
25	33	84	95
0	0	85	107
0	0	75	96
0	0	66	90
0	0	59	81
0	0	28	44
20	35	38	45
64	0	43	42
29	0	69	33
44	51	79	46
0	0	73	84
0	0	81	60
0	73	54	63
22	0	63	91
0	68	73	84
0	0	32	80
16	38	48	56
13	41	52	65
19	46	43	59
11	44	53	71
4	42	63	86
2	57	47	75
1	63	46	66
0	64	42	69
0	56	42	91
0	74	37	84
0	3	37	101
0	0	71	78
0	0	57	74
8	50	74	87
0	0	66	108
0	0	57	65
0	0	57	47
20	40	67	61
0	99	53	74
0	19	26	93
20	0	48	58
0	45	66	60
0	0	48	85
26	62	59	82
0	0	65	114
0	0	63	90
27	57	84	97
0	0	89	92
113	0	75	55
93	0	109	47
6	0	139	65
0	0	126	80
135	0	92	58
41	0	136	69
0	0	111	90
131	0	85	54
40	0	134	64
0	0	103	84
0	0	80	89
104	0	71	54
18	0	120	59
0	0	83	76
0	0	67	78
88	0	61	46
14	0	103	51
0	0	76	49
0	0	54	56
0	0	45	56
0	0	42	38
0	9	37	50
0	0	40	37
0	0	33	39
19	0	41	28
0	0	40	35
13	0	46	28
15	0	56	25
0	0	45	24
0	0	28	22
0	0	26	18
0	0	20	16
4	0	21	13
0	8	10	17
6	3	11	20
6	0	20	14
3	1	22	24
4	1	27	34
0	13	27	42
29	0	30	32
0	8	41	38
0	33	33	45
17	54	38	60
0	56	49	79
0	0	42	101
0	47	50	92
0	0	46	101
11	46	64	67
0	41	68	105
0	0	59	112
19	52	76	119
0	0	78	126
0	0	70	105
0	0	62	88
26	51	51	53
44	64	70	91
0	0	80	121
0	0	114	110
0	0	127	118
0	0	107	86
0	0	94	97
0	0	73	95
0	0	65	85
33	36	69	77
0	0	75	96
0	0	68	89
0	0	65	80
0	0	59	57
0	0	50	43
0	0	38	46
0	0	34	43
0	5	32	43
3	8	37	46
0	0	36	35
0	32	26	33
0	0	24	41
0	30	21	34
0	44	19	40
0	49	19	40
0	54	18	40
0	51	16	42
0	55	14	33
0	55	23	37
25	55	31	34
20	56	58	35
24	56	51	38
25	56	51	41
0	70	53	70
0	1	46	109
0	0	27	49
0	14	27	49
20	0	39	38
0	13	42	48
24	46	55	66
0	0	60	88
87	0	58	48
20	0	85	37
0	0	68	51
0	0	54	57
0	0	47	43
0	0	38	41
18	0	46	30
0	0	45	37
0	14	34	49
0	0	29	38
0	15	27	44
0	0	27	47
12	0	39	30
19	0	51	25
29	0	59	25
23	0	65	26
0	26	61	47
0	0	48	67
0	23	52	68
0	59	49	80
0	0	46	106
0	0	53	60
0	42	51	66
0	68	47	90
0	0	66	99
0	0	89	91
0	0	70	89
0	0	59	79
20	41	63	61
0	84	62	76
0	82	59	134
0	69	68	172
0	104	91	156
0	100	103	160
0	0	100	159
0	0	99	136
0	0	93	125
130	0	87	68
27	0	138	75
0	0	107	94
0	0	84	100
113	0	76	58
24	0	119	63
0	0	91	79
0	0	62	60
0	0	53	45
0	0	44	36
0	9	43	47
42	62	34	45
31	53	64	42
40	50	51	46
30	51	63	42
36	50	45	39
22	53	71	36
33	51	45	38
20	51	67	37
29	51	44	36
19	52	61	36
24	49	54	42
23	52	52	38
22	49	49	43
23	50	43	42
22	53	38	38
21	55	45	36
0	0	56	65
9	0	67	45
0	57	49	49
0	0	37	88
42	76	58	67
0	0	76	121
0	0	37	62
16	47	40	59
0	0	22	54
0	7	26	45
0	7	27	49
0	34	29	50
21	58	29	53
0	14	20	54
0	19	24	60
0	19	30	67
17	52	35	70
0	1	44	94
0	0	42	52
0	0	31	35
3	0	29	44
0	13	39	54
0	0	31	39
0	27	31	43
0	0	29	40
0	26	26	41
28	0	30	40
0	26	49	47
11	36	59	68
26	51	51	52
27	53	51	46
24	48	59	55
28	51	52	51
30	55	46	44
27	55	55	45
28	50	53	51
30	52	50	51
27	46	62	57
0	0	81	66
0	13	95	92
2	0	110	72
0	0	70	88
13	22	75	77
5	0	105	83
0	0	74	88
99	0	66	49
22	0	105	56
0	0	78	69
0	0	62	73
0	0	82	65
0	0	83	53
25	0	84	48
2	0	97	44
0	0	64	44
2	0	65	39
0	31	45	58
30	0	53	53
0	9	80	72
23	28	81	80
0	0	94	96
0	0	71	90
22	41	67	61
0	0	60	84
14	33	79	72
0	0	64	90
19	40	68	63
23	48	58	57
20	50	58	51
17	50	70	53
15	50	61	55
15	51	56	53
14	51	59	55
0	0	26	54
31	0	34	31
0	26	47	37
19	45	53	65
87	0	54	52
31	0	91	40
0	18	65	57
78	0	53	43
68	0	81	36
30	0	106	53
0	20	79	76
2	0	93	65
0	0	67	75
26	0	80	55
0	0	103	47
0	0	58	46
0	38	46	61
64	0	44	50
57	0	81	38
10	0	96	40
0	0	66	57
0	0	46	45
0	35	39	53
0	50	35	71
6	51	39	64
0	34	37	78
0	31	37	80
12	45	45	74
0	36	42	85
12	48	48	71
0	22	42	85
4	31	63	85
0	7	58	107
0	0	63	67
0	24	75	83
0	23	52	91
13	44	65	76
24	53	58	63
22	58	59	56
22	55	66	60
23	54	60	60
24	56	68	59
24	54	61	61
32	58	63	56
36	63	56	49
37	62	63	50
35	65	64	46
34	61	68	52
0	0	53	93
0	47	57	98
89	0	57	65
0	0	113	62
0	0	64	73
0	0	50	69
0	0	44	61
14	25	61	63
46	42	66	75
0	0	71	93
0	0	60	82
23	28	84	81
120	0	81	59
26	0	131	66
0	0	135	87
0	0	87	98
0	0	65	87
0	31	65	103
4	0	101	97
0	0	74	92
38	43	64	61
0	0	62	83
21	31	81	75
0	0	127	90
0	0	85	96
0	0	68	88
33	43	63	62
32	37	65	74
0	0	37	56
0	0	36	65
0	27	58	66
20	42	63	64
19	39	61	69
0	76	37	76
22	53	47	97
0	0	57	108
0	0	30	50
0	13	35	46
0	0	28	36
0	18	26	40
0	0	24	49
23	0	35	29
0	25	39	36
0	0	33	37
0	0	28	38
14	0	37	26
0	0	34	31
0	0	27	33
0	0	25	33
0	0	33	23
0	0	24	28
0	4	21	31
0	0	19	31
6	0	27	21
0	0	23	23
18	0	24	18
0	14	30	27
0	28	23	41
0	38	26	54
0	33	53	65
7	33	64	78
0	0	72	99
19	41	56	68
4	26	70	88
0	0	57	92
1	28	82	85
0	0	104	103
0	0	78	100
0	0	62	86
17	37	66	70
0	0	56	87
7	31	74	78
0	0	33	58
0	40	41	56
0	31	33	69
26	43	44	56
28	43	57	62
18	0	87	66
13	26	88	73
0	0	70	91
0	0	58	82
0	0	47	54
3	7	56	64
8	0	71	49
39	0	76	43
0	23	82	66
0	0	63	86
16	0	83	57
0	0	66	66
1	0	78	49
0	0	57	45
0	0	39	35
8	29	39	43
19	10	62	68
36	0	86	53
49	59	100	70
0	0	88	110
0	0	72	102
0	0	76	90
48	62	93	101
55	0	151	98
0	0	127	111
0	0	100	112
0	0	108	98
0	0	80	97
39	52	53	57
39	59	45	41
30	59	59	42
22	54	67	48
26	48	61	56
28	60	86	100
0	0	93	97
0	0	74	94
0	0	66	83
0	0	57	77
0	0	47	52
0	19	40	59
0	0	34	45
0	22	34	50
0	0	28	41
0	0	28	27
34	0	25	17
18	0	35	16
30	0	37	16
8	0	40	17
12	0	42	17
13	0	44	19
12	0	46	21
0	0	35	20
15	0	31	19
0	0	28	23
33	0	22	15
10	0	33	18
0	0	28	16
11	1	23	30
20	0	34	21
0	0	30	18
9	4	24	30
6	0	33	22
6	4	30	30
21	0	37	24
0	0	33	28
8	0	28	41
0	0	32	27
21	0	32	21
16	0	42	19
0	0	37	19
7	2	30	31
14	0	39	24
14	0	48	22
26	0	52	23
0	12	47	35
0	0	31	34
0	0	28	34
6	4	31	45
17	0	48	31
38	0	53	28
0	18	65	48
21	0	69	50
0	0	62	57
0	0	45	43
0	0	32	32
7	23	39	42
0	46	32	58
0	0	16	56
8	14	26	45
0	45	24	44
0	52	17	36
0	58	14	28
2	51	22	34
2	48	36	41
30	58	42	49
29	65	55	44
35	70	41	38
28	73	47	32
29	71	44	35
23	71	52	35
23	67	47	39
21	72	53	32
21	71	48	32
19	69	52	35
23	67	42	37
16	70	47	32
18	70	46	34
13	66	55	39
17	58	55	53
0	0	52	95
0	0	52	75
0	0	49	66
0	0	45	62
0	0	39	60
0	4	39	70
0	0	39	68
0	0	38	59
0	6	37	63
0	0	35	59
0	4	34	66
0	0	38	41
6	13	53	51
0	0	48	59
0	0	46	57
0	0	44	55
17	0	57	40
0	0	53	46
29	0	58	38
0	0	66	33
0	0	45	45
0	0	39	47
0	0	35	47
0	16	36	51
0	0	31	39
16	0	40	28
5	0	52	24
10	0	53	25
16	0	56	26
0	8	45	42
0	43	38	50
33	63	40	76
0	0	60	90
0	0	57	78
0	29	55	74
0	0	50	84
0	0	47	69
0	0	43	61
0	0	42	40
0	9	33	52
0	0	32	51
0	2	32	61
0	0	33	55
0	0	32	50
0	0	31	45
0	0	28	42
0	4	29	46
0	0	28	47
0	0	28	40
0	0	27	37
19	1	38	41
0	0	44	31
0	0	32	37
0	0	28	37
8	0	37	26
4	0	45	23
9	0	46	23
14	0	50	22
0	8	45	37
0	35	37	51
20	53	42	60
26	55	37	57
0	3	48	87
0	0	51	54
0	0	43	53
22	0	54	38
0	32	62	50
0	0	69	54
7	0	76	44
23	0	80	42
46	0	89	41
0	0	89	56
18	0	90	49
0	0	92	48
25	0	88	46
19	0	103	44
0	0	96	46
27	0	87	47
0	32	37	59
0	0	37	52
0	0	31	34
12	0	37	24
18	0	45	20
8	0	52	21
0	0	32	22
18	0	30	19
0	4	26	24
31	0	22	17
11	0	30	14
14	0	36	19
13	0	44	18
14	0	47	18
12	0	49	19
3	6	55	36
29	0	58	35
0	0	54	32
0	29	37	46
0	0	33	43
0	29	33	48
0	67	28	51
0	24	14	52
5	0	26	43
4	0	27	38
0	0	33	44
0	0	36	59
0	0	35	33
0	0	35	35
0	0	28	26
0	0	33	31
0	6	25	41
0	13	34	48
0	0	28	37
0	8	30	41
0	0	28	30
0	0	23	21
0	0	31	29
0	14	27	35
18	0	32	31
0	17	33	41
0	14	28	51
0	0	26	36
0	15	28	41
0	0	23	32
0	7	27	36
0	0	22	26
0	7	19	29
0	5	17	33
12	0	25	22
0	5	24	30
6	0	30	23
0	7	24	34
0	17	22	39
10	52	29	40
5	49	48	46
12	49	39	45
11	49	39	45
13	50	37	42
11	53	37	41
8	48	43	44
12	53	36	40
15	57	28	34
5	57	41	36
13	59	33	38
5	52	45	46
0	66	43	72
64	0	44	82
0	0	84	48
0	0	55	58
0	0	46	57
0	48	46	54
0	0	54	87
83	0	53	43
16	0	91	46
0	0	64	58
0	0	51	59
0	0	44	56
0	40	44	57
0	0	37	74
0	0	39	57
1	39	51	54
0	0	45	75
17	58	52	62
0	60	53	87
0	0	58	107
0	64	59	92
0	52	61	139
0	0	63	129
0	48	74	126
0	0	66	127
0	0	65	102
0	0	59	86
0	18	49	77
0	28	48	76
0	0	42	77
0	0	52	48
0	14	36	57
0	38	35	71
58	0	36	50
0	36	75	52
0	0	48	78
0	46	47	75
0	0	22	58
9	29	31	57
0	47	37	67
10	0	58	90
0	0	54	73
11	21	71	72
0	0	55	81
0	18	49	74
0	0	38	67
9	16	49	62
0	0	42	62
0	0	37	54
0	0	33	46
0	0	29	38
0	0	26	34
9	20	37	44
0	0	35	51
0	0	34	32
0	0	30	34
0	0	34	25
0	20	34	36
0	34	35	59
53	0	36	48
0	0	63	31
0	0	40	41
0	0	33	40
0	0	29	38
0	24	26	45
0	28	28	64
0	0	31	68
0	0	34	50
0	0	31	44
0	0	28	41
0	0	25	36
0	0	24	33
11	21	27	38
0	22	37	62
1	0	60	66
2	0	72	47
0	0	50	55
0	0	56	38
0	0	43	32
8	22	43	49
3	0	63	55
0	0	77	53
25	0	78	45
0	0	87	50
0	0	62	46
0	0	45	52
0	0	41	37
0	0	29	28
9	17	32	37
0	0	34	45
22	16	31	48
0	40	42	54
20	0	56	55
32	0	77	42
0	0	63	52
0	0	51	55
0	0	44	53
0	0	38	45
19	16	43	51
0	0	49	59
0	0	46	56
0	0	43	55
6	0	55	38
0	0	46	32
0	0	44	28
1	0	46	26
28	0	41	24
41	0	49	23
2	22	69	36
13	0	66	44
17	0	75	40
0	0	59	52
0	0	48	42
15	13	47	59
0	0	51	62
0	0	45	59
18	37	60	72
0	0	94	82
0	0	93	85
0	0	125	95
0	0	123	78
0	0	85	92
0	0	107	92
0	0	108	75
0	0	72	84
0	0	88	84
0	0	66	83
0	0	54	74
0	0	68	62
0	0	51	63
1	0	68	60
0	0	55	62
0	0	50	60
0	0	48	56
0	0	44	54
28	0	55	39
0	0	49	33
20	0	50	29
0	5	47	43
0	0	37	50
0	0	56	48
13	0	62	38
0	0	50	46
22	0	59	36
0	0	75	47
2	0	77	43
19	0	89	57
0	0	72	72
0	0	71	54
0	0	54	62
37	41	79	78
0	0	88	78
0	0	69	84
0	0	59	81
0	0	62	78
0	0	54	76
0	0	49	87
0	0	48	73
8	0	66	48
0	0	63	41
39	0	59	37
0	0	67	46
0	0	50	54
0	0	43	53
0	0	38	51
0	0	37	34
11	11	40	46
0	11	43	62
0	0	38	44
9	27	53	56
0	0	48	71
8	0	63	47
0	0	51	54
0	0	44	52
15	0	56	36
0	0	47	44
0	0	38	48
0	4	37	58
0	0	44	40
10	0	50	31
22	0	57	29
0	0	50	39
0	0	40	45
0	0	37	44
0	0	49	31
0	0	37	28
0	0	28	33
1	0	35	23
4	0	37	21
0	0	28	27
0	0	24	29
6	0	31	20
7	0	36	18
6	7	47	32
0	0	33	30
0	0	28	23
0	0	29	19
8	0	31	17
0	0	36	16
1	0	33	17
3	16	38	29
0	0	31	42
0	0	38	30
9	0	41	25
49	0	36	20
13	0	51	26
1	0	57	25
0	0	37	35
5	0	41	27
0	0	33	32
0	0	28	33
0	0	32	24
16	0	34	20
0	11	33	31
0	9	27	46
0	0	28	46
0	0	41	41
25	0	47	33
0	0	68	40
0	0	50	36
1	0	54	31
11	27	65	51
0	0	55	72
0	7	52	84
0	14	53	101
0	0	58	66
0	0	50	66
2	0	66	47
28	0	70	40
1	0	88	39
16	0	80	39
0	0	62	52
28	0	68	42
33	0	89	38
0	0	75	40
0	0	53	52
0	0	46	53
0	0	41	51
6	0	54	37
0	0	44	31
0	12	34	46
0	0	32	49
0	0	31	44
0	9	45	50
0	0	41	39
0	29	40	48
0	0	36	60
11	0	51	39
1	0	64	33
1	0	62	32
0	0	42	43
9	0	52	33
12	0	59	30
13	0	64	29
0	0	47	40
0	0	50	33
2	0	51	30
26	0	50	29
10	0	65	27
7	0	64	29
0	0	47	29
10	0	47	27
0	0	36	36
0	0	32	27
4	0	35	22
4	6	44	33
0	0	35	44
27	0	41	31
26	0	61	27
21	7	78	48
0	0	63	65
0	0	52	66
0	0	47	65
0	0	44	61
0	27	43	73
0	0	45	78
2	0	65	49
1	0	71	40
7	0	72	38
0	36	60	58
0	0	49	81
0	0	49	69
7	0	66	47
0	0	70	41
0	0	64	39
0	0	53	36
16	0	55	32
32	0	64	30
31	0	75	32
16	0	81	34
0	0	61	47
14	0	65	40
0	0	52	44
12	0	57	37
19	0	68	33
30	0	76	34
0	0	67	34
0	0	52	33
0	0	36	42
0	0	30	42
0	0	29	41
0	0	28	39
0	0	26	37
0	0	35	25
0	0	26	30
0	0	24	32
0	0	23	21
0	0	25	25
0	0	22	19
9	0	25	15
0	0	22	19
0	0	17	20
10	0	21	16
0	0	27	14
0	0	18	19
0	0	17	14
0	5	14	20
4	0	20	16
0	0	25	13
0	0	17	17
0	0	22	19
0	0	23	23
0	0	20	18
0	0	16	20
0	0	21	19
0	0	18	15
0	2	14	22
0	0	20	21
2	0	25	16
5	0	28	15
7	8	35	25
0	0	34	25
9	18	45	43
0	0	42	53
0	0	39	49
6	10	46	56
0	0	43	58
0	0	42	39
10	0	49	31
12	0	56	28
37	0	55	28
48	0	66	28
0	0	78	41
0	0	54	54
0	0	59	41
0	0	45	48
0	0	38	49
0	0	46	34
14	0	51	29
0	13	44	44
0	0	36	54
0	0	56	50
13	0	65	40
30	0	72	38
0	0	62	49
0	0	52	54
18	0	63	42
0	0	55	49
9	0	61	40
0	0	64	36
0	0	44	46
0	16	42	53
0	15	42	67
0	16	44	78
0	0	44	66
0	14	47	70
0	0	44	71
0	0	46	61
0	0	42	57
0	0	40	53
0	0	37	51
0	0	36	47
0	0	34	44
0	0	32	42
0	0	29	41
3	4	46	46
0	0	39	53
0	0	37	49
0	0	45	33
14	0	49	29
0	0	40	36
10	12	55	49
26	0	69	44
10	0	89	40
0	0	56	39
0	0	48	35
0	0	43	29
0	0	33	25
0	0	30	21
3	0	32	18
6	7	38	29
0	8	33	46
0	0	32	34
9	21	47	47
0	0	45	59
20	43	68	72
29	0	95	76
16	0	118	65
46	0	129	65
0	0	108	88
0	0	108	72
22	0	113	67
0	0	88	81
0	0	93	66
1	0	98	59
0	0	69	73
0	0	62	75
0	0	55	72
0	0	46	48
0	0	41	50
0	0	39	36
0	0	31	38
0	0	28	39
0	0	27	37
0	0	25	37
11	0	39	34
10	0	53	28
16	0	59	27
0	0	54	27
6	0	51	27
0	9	36	41
0	0	37	34
0	10	17	37
0	0	20	25
0	0	20	18
0	0	17	14
0	0	13	15
0	0	16	11
4	11	11	16
3	9	20	30
0	0	22	24
4	10	23	31
8	12	20	37
0	0	25	37
7	16	26	32
7	11	33	43
4	7	48	59
12	0	64	44
0	0	50	51
0	0	44	38
0	33	32	46
0	56	29	54
0	48	28	81
0	51	30	75
0	52	33	88
0	50	43	104
76	0	51	78
0	0	95	67
0	0	66	76
0	0	72	66
0	0	54	65
0	0	44	61
0	0	39	54
0	54	34	42
14	0	41	67
0	0	47	57
0	0	41	54
21	0	54	38
0	0	52	32
0	17	37	48
28	48	41	62
0	0	53	88
0	0	54	73
0	0	49	65
0	0	44	58
0	0	41	53
24	45	45	57
23	0	71	65
0	0	65	66
0	0	51	65
70	0	47	37
90	34	66	52
117	0	89	74
111	0	138	58
78	0	161	87
69	0	199	84
28	0	223	89
58	0	217	93
3	0	233	100
0	0	154	139
174	0	140	95
134	0	167	81
91	0	188	82
0	0	106	68
0	0	77	78
0	0	61	76
0	0	51	68
0	0	46	62
0	0	44	55
36	48	50	57
89	0	66	60
0	0	119	62
119	0	82	49
51	26	117	74
147	0	127	67
32	60	193	106
62	0	234	165
234	0	112	100
132	133	95	89
152	136	55	60
164	142	45	42
165	145	52	41
171	142	49	42
174	140	48	42
176	140	47	39
179	136	47	43
183	137	41	40
186	134	42	41
186	129	45	47
185	127	47	53
182	122	54	62
169	113	64	93
153	98	94	123
0	0	202	160
0	0	162	108
170	0	127	84
40	0	182	101
41	0	202	97
101	0	215	95
159	0	187	97
140	105	178	147
0	0	188	151
0	0	140	155
0	0	111	109
150	127	84	93
143	127	62	67
144	141	48	47
136	146	54	39
128	151	54	36
126	153	50	34
117	155	54	34
113	161	52	31
107	159	53	35
103	161	49	31
97	160	53	31
95	159	50	32
93	160	50	30
87	161	50	29
81	161	53	29
79	159	51	30
75	155	53	33
75	154	55	38
70	154	64	43
64	143	73	61
56	122	87	95
0	12	108	159
0	0	90	108
0	0	77	101
0	0	68	94
0	0	62	85
86	0	58	47
13	0	100	50
0	0	69	65
0	0	54	65
0	0	47	60
0	0	43	55
0	0	39	49
0	0	36	46
19	0	47	33
0	0	44	39
0	0	36	42
17	0	45	32
0	0	42	37
0	13	33	48
0	0	31	50
0	0	32	32
0	5	15	36
0	0	18	31
0	0	19	28
0	0	24	19
0	0	19	21
0	0	17	15
0	0	18	12
0	0	14	11
0	0	11	12
0	0	11	13
0	0	12	13
0	0	11	14
0	0	10	12
0	0	10	12
0	0	13	13
0	0	11	13
0	0	10	13
4	0	13	10
6	0	17	10
0	1	15	16
0	2	12	20
0	14	14	21
2	0	20	22
0	15	22	26
0	0	18	24
0	16	20	27
0	0	20	24
0	18	21	24
9	0	26	27
9	3	42	33
0	0	38	38
0	0	33	38
21	0	40	28
0	0	40	34
0	0	34	37
0	0	31	26
0	0	22	20
0	0	19	16
14	4	21	19
3	7	38	29
0	0	31	27
0	0	25	31
0	0	23	22
5	0	28	18
5	6	35	28
0	0	30	37
0	0	27	36
0	0	30	25
0	0	23	28
4	7	34	32
0	0	31	37
0	0	30	35
18	0	36	25
0	0	35	31
0	0	29	24
6	9	37	32
0	0	29	29
0	0	22	21
0	0	18	23
0	0	18	17
8	0	21	13
0	0	17	12
0	0	14	10
2	1	17	15
2	0	21	13
0	0	14	12
4	0	16	10
7	0	19	10
0	0	17	10
0	0	13	10
1	0	13	10
2	1	16	14
5	2	22	19
5	0	28	16
0	0	23	21
0	0	19	23
0	0	17	23
0	0	16	23
9	0	23	16
6	2	34	24
0	8	32	32
5	0	38	28
16	0	45	25
1	0	55	24
0	0	38	24
0	0	24	21
3	7	31	29
0	0	28	25
0	0	23	28
7	3	34	34
26	0	41	26
47	0	47	23
14	0	56	22
0	0	44	24
0	0	28	31
0	0	25	32
0	0	23	31
0	0	19	21
0	0	18	15
0	0	15	12
0	0	11	14
0	0	10	14
0	0	10	14
0	0	10	14
1	1	15	17
13	3	20	19
0	0	23	22
8	0	27	17
0	2	37	26
0	0	28	33
0	0	25	33
0	0	23	31
0	0	21	31
9	9	34	35
14	0	47	32
0	0	48	28
9	0	47	26
0	0	48	25
0	0	30	24
4	0	33	20
0	0	29	18
0	0	21	22
1	16	27	29
8	31	36	48
0	0	49	47
29	0	55	36
32	0	73	32
0	0	65	42
0	0	44	49
0	0	37	48
0	0	17	26
6	16	26	32
0	0	31	29
14	0	35	23
18	0	46	21
0	9	39	36
0	0	32	43
0	0	30	39
0	0	25	26
0	0	21	27
8	0	28	18
0	0	24	23
11	0	28	18
0	0	25	23
0	0	20	26
0	0	26	18
0	0	19	22
0	0	27	24
15	0	31	20
0	0	34	25
0	0	27	21
0	0	20	21
0	0	19	16
2	3	23	24
3	18	35	34
0	0	30	45
0	0	29	40
0	0	24	27
0	0	21	26
0	0	20	19
18	0	19	15
17	0	29	13
0	0	30	18
0	0	22	16
0	0	17	19
0	0	16	18
0	0	14	18
0	0	18	13
0	0	13	15
0	0	12	16
5	0	19	15
0	4	17	20
5	16	21	25
11	0	31	24
0	0	29	28
0	0	24	38
0	0	38	34
0	0	30	37
0	0	26	35
0	0	35	25
19	0	37	22
0	0	37	20
3	0	37	20
7	6	42	31
0	0	35	39
13	29	43	45
0	0	41	59
0	0	38	52
0	0	34	47
0	0	33	42
0	0	31	39
0	0	29	38
0	0	28	36
0	0	24	23
3	0	28	18
6	0	31	16
0	0	24	23
0	0	20	25
0	0	18	26
0	0	17	25
7	0	24	17
9	0	31	15
4	0	34	15
0	0	23	21
0	0	19	24
0	0	18	24
0	0	24	23
2	8	33	30
0	0	27	39
18	0	37	27
0	0	53	23
0	0	33	34
9	0	39	26
23	0	45	23
0	0	40	22
0	6	28	36
10	0	37	28
0	0	34	33
24	0	37	26
0	0	41	31
5	0	43	27
7	0	45	25
0	0	36	32
0	0	26	24
18	0	27	19
4	5	44	28
0	0	35	36
0	0	31	27
0	0	25	30
3	0	36	31
0	0	40	25
0	0	30	22
0	20	26	28
0	0	27	30
16	0	33	23
0	0	31	28
0	0	27	22
0	5	20	31
0	0	19	32
0	6	21	34
0	0	22	24
0	0	19	25
6	15	25	31
0	0	25	38
0	0	22	25
5	15	31	36
0	49	25	37
0	15	22	55
15	0	35	36
0	0	32	26
1	9	31	35
6	34	46	48
0	0	41	68
0	0	38	55
0	0	35	46
0	0	30	44
9	0	41	31
0	0	34	35
0	10	27	40
0	0	25	40
3	5	35	47
0	0	38	49
0	0	34	47
0	0	31	43
0	0	28	39
8	0	37	28
0	0	30	32
0	0	24	32
0	9	27	36
15	47	33	33
1	33	61	58
0	29	71	73
0	15	79	110
0	0	102	116
0	0	88	116
0	0	102	114
0	0	116	85
0	0	101	75
22	38	101	87
0	0	86	110
16	30	125	132
166	0	122	98
160	0	174	81
132	0	171	82
0	0	203	113
0	47	138	176
107	0	164	113
0	67	200	165
0	52	162	182
0	0	140	107
0	0	102	105
123	0	94	66
24	57	151	89
161	0	141	94
14	0	197	115
0	108	175	152
0	77	165	183
0	97	181	163
0	97	173	163
0	99	169	161
0	95	164	165
0	96	160	164
0	75	148	185
0	94	144	166
0	0	126	148
0	74	123	180
0	65	120	189
0	63	124	193
0	105	146	155
0	108	146	152
0	77	134	183
0	111	149	149
0	114	152	146
0	111	156	149
0	111	158	149
0	109	164	151
0	105	170	155
0	115	182	145
0	0	149	115
155	0	135	79
176	0	166	72
63	0	165	102
59	0	218	96
109	0	237	100
115	0	214	105
110	0	222	106
107	0	222	110
0	0	180	150
66	0	226	169
112	0	231	115
118	140	211	120
157	121	155	139
0	0	198	111
0	0	166	103
14	0	173	93
0	0	162	91
0	0	134	86
0	0	96	104
24	0	116	77
0	32	112	105
0	0	92	128
0	0	87	118
15	0	110	84
0	0	117	74
0	0	82	88
0	0	70	85
0	0	60	78
0	0	53	72
0	0	46	62
14	0	58	43
27	41	72	62
0	0	70	91
0	0	63	82
0	0	59	74
0	0	50	66
23	28	58	61
15	24	70	80
0	0	71	92
0	0	76	63
0	0	57	68
16	24	64	76
0	0	64	85
0	0	57	78
0	0	51	67
0	0	45	54
24	41	65	67
0	0	65	90
0	0	53	57
0	0	43	57
22	46	43	63
0	0	48	84
75	0	50	44
85	19	66	49
9	0	103	65
119	0	78	45
95	15	80	69
57	24	137	111
0	0	118	95
0	0	81	89
0	0	68	85
0	0	61	78
0	0	54	70
0	0	50	66
44	37	52	80
63	0	90	70
33	14	112	86
139	114	52	50
143	119	56	39
150	116	54	40
158	112	55	44
165	110	51	46
173	108	50	48
180	105	47	51
187	99	46	52
192	100	44	50
197	96	44	53
202	98	41	51
205	94	42	55
208	90	40	59
208	93	40	60
201	80	57	83
163	51	135	126
122	88	200	172
116	0	227	115
161	0	185	111
0	0	211	137
0	0	159	152
90	0	184	114
0	0	170	139
0	0	142	113
193	103	66	73
182	113	44	52
171	120	51	46
164	127	48	42
158	129	55	40
145	136	55	36
134	143	53	33
126	145	62	30
119	149	64	28
111	152	66	26
106	155	65	24
101	154	68	24
98	158	60	20
92	158	62	21
86	158	59	23
81	157	63	24
80	158	55	23
80	157	52	24
76	154	52	26
75	147	52	36
65	145	67	45
124	60	73	91
123	0	138	92
57	0	188	86
0	0	152	115
164	0	125	86
100	0	168	73
233	0	113	68
131	0	129	86
118	0	175	75
257	0	89	68
223	24	113	98
113	0	135	85
0	100	126	87
0	0	84	142
0	0	41	67
0	0	44	57
0	0	44	51
0	0	42	48
15	20	56	67
0	0	56	76
19	23	78	83
3	0	105	73
0	0	80	86
27	24	88	95
0	0	90	111
0	0	83	100
0	0	73	96
0	0	67	86
0	0	61	77
2	0	77	54
0	2	58	75
0	0	51	68
33	0	66	49
46	0	90	41
0	0	86	56
0	0	71	48
0	0	51	55
19	0	61	42
0	0	52	49
0	0	56	39
13	33	66	59
29	20	79	94
0	0	82	91
27	6	96	102
37	0	136	81
183	126	87	75
178	126	47	58
170	135	51	45
164	141	50	40
156	145	51	38
148	150	51	34
139	150	53	36
129	154	53	32
121	157	56	30
114	159	51	28
110	160	50	27
105	159	45	29
99	158	48	29
94	156	46	30
93	156	41	28
90	153	44	31
87	151	41	30
82	152	43	28
78	148	41	30
80	150	39	26
80	147	46	30
77	147	41	27
80	146	39	27
83	146	40	28
78	142	40	29
75	143	43	27
78	143	40	24
80	142	42	24
82	141	44	25
88	141	41	25
92	140	42	26
97	137	44	28
103	135	45	30
105	136	48	29
113	135	51	32
119	134	48	33
125	132	50	37
132	130	46	38
139	127	49	41
146	125	49	41
153	123	49	44
158	121	51	44
164	118	52	45
169	115	53	48
175	112	51	49
180	114	49	48
184	113	48	48
188	114	46	47
193	112	46	49
196	113	46	48
201	110	44	51
202	111	44	53
203	112	43	57
203	115	42	55
200	117	45	57
199	120	47	56
199	115	46	65
203	119	45	62
201	121	42	57
198	127	41	48
192	129	43	47
186	135	45	41
181	139	46	41
175	142	46	39
170	146	47	35
163	148	47	37
158	146	47	37
151	152	48	32
145	149	48	34
137	154	45	31
129	153	47	32
122	154	48	31
117	152	45	33
112	153	45	30
108	153	43	31
101	151	44	32
99	150	42	30
95	148	40	31
91	145	42	32
88	143	39	31
86	139	41	33
88	138	39	32
86	137	38	32
85	135	44	35
80	132	46	41
78	128	57	49
86	132	42	40
84	135	37	30
82	133	39	32
82	132	39	32
82	134	44	29
85	133	45	29
90	134	46	31
93	134	49	29
98	134	49	32
102	134	52	32
107	134	53	33
113	134	52	35
118	134	55	36
123	131	56	37
131	130	54	38
137	127	57	39
146	127	54	38
150	125	58	41
158	123	52	39
164	119	56	44
175	116	50	45
178	113	54	47
184	110	50	48
191	107	47	51
194	106	48	52
200	106	43	52
206	100	41	55
208	101	42	54
213	99	40	55
214	96	41	60
213	97	44	61
196	92	73	74
185	80	80	113
155	91	167	169
132	94	214	166
0	0	152	108
0	0	108	126
0	0	116	90
0	0	83	107
0	0	75	104
0	0	68	99
0	0	66	102
0	0	63	91
0	0	57	82
2	0	75	53
0	0	56	62
21	0	67	47
25	0	84	42
0	0	79	40
29	0	77	39
38	0	89	40
0	0	79	55
11	0	79	49
0	0	60	57
0	0	51	44
0	0	44	48
0	0	34	35
0	30	24	42
0	44	28	58
0	61	33	76
0	95	38	76
0	24	43	96
6	0	82	93
0	0	73	91
0	0	65	86
0	0	83	74
0	0	65	76
0	48	63	87
0	0	58	102
0	63	68	95
8	0	92	93
0	0	79	91
9	0	101	65
0	0	75	77
2	0	101	81
0	0	76	90
0	0	93	91
0	0	74	89
0	0	78	63
0	0	55	67
0	44	49	74
0	0	42	85
0	46	41	75
5	0	56	72
0	0	48	64
8	35	61	66
0	0	48	81
30	43	62	57
0	59	67	87
93	0	61	71
40	36	121	92
0	0	107	117
0	0	83	110
0	0	85	99
0	0	69	91
32	56	66	61
0	0	62	95
2	0	84	60
0	0	59	68
22	58	59	72
0	0	57	101
0	0	83	60
0	0	59	67
0	0	54	49
14	0	59	39
0	15	67	58
0	0	51	68
2	0	67	48
7	0	72	41
0	0	56	37
0	0	46	45
0	0	35	47
0	0	32	55
0	0	33	49
5	0	45	32
0	28	44	42
38	0	42	44
42	0	70	34
0	0	78	32
18	6	76	55
0	0	63	67
0	0	50	66
0	0	43	61
0	0	39	56
0	0	37	55
0	0	34	47
0	0	30	42
0	0	27	44
0	7	25	41
0	0	28	39
1	9	36	43
0	0	33	50
0	0	31	47
0	0	30	46
0	0	28	40
0	0	26	38
4	0	36	25
0	0	30	22
19	0	29	19
12	5	45	28
11	0	54	28
28	0	58	27
0	5	54	44
0	40	41	53
37	65	44	75
3	0	84	91
0	0	68	87
10	0	86	60
0	0	67	67
20	53	75	79
0	0	93	114
0	0	126	100
0	0	90	107
0	0	75	99
0	0	65	89
0	0	59	78
0	0	53	72
22	0	69	50
25	0	89	43
0	0	68	58
0	0	57	44
0	5	44	61
29	0	58	43
0	0	61	36
0	31	56	53
0	0	46	71
13	0	62	48
0	0	52	53
0	0	47	40
5	15	48	61
6	10	56	76
0	0	53	75
0	0	65	50
0	0	46	54
15	36	55	70
0	0	74	63
0	0	57	68
0	0	48	63
0	0	44	58
15	39	50	72
0	0	52	84
0	0	50	72
0	0	48	65
12	25	57	77
0	0	56	85
0	0	48	54
0	17	48	65
6	45	66	93
0	0	61	109
0	0	61	89
0	0	68	59
39	0	73	49
0	0	84	43
0	7	59	67
0	0	50	70
0	3	45	87
24	59	76	96
0	0	82	124
0	0	92	79
0	0	71	86
0	0	61	83
0	0	59	54
0	0	47	57
0	0	44	39
0	0	34	42
0	0	29	40
12	0	38	28
10	4	55	39
0	0	46	49
0	0	40	35
0	10	20	39
15	29	26	45
9	44	49	63
0	0	25	54
14	13	36	47
19	42	53	66
0	0	40	58
12	19	55	61
30	0	74	54
0	0	74	46
0	0	52	58
33	0	62	43
0	0	58	52
41	0	60	42
17	0	85	36
0	0	65	38
0	10	48	59
6	0	60	48
14	0	70	40
0	25	31	51
10	37	45	77
0	0	50	86
0	0	48	65
0	0	46	44
15	32	53	60
0	0	52	75
17	30	60	80
0	0	59	87
0	0	56	74
0	0	51	68
0	0	46	61
0	0	41	53
0	5	45	61
11	9	55	70
0	0	53	69
14	0	68	50
9	41	81	74
0	0	64	98
10	0	86	63
0	0	63	71
14	50	83	87
0	0	79	86
5	63	113	108
138	0	105	96
18	0	172	73
0	0	110	101
0	0	89	102
24	0	106	74
0	0	87	82
0	0	72	62
17	0	78	51
18	0	92	47
0	0	92	46
0	0	60	62
21	0	72	48
24	0	91	41
38	0	101	43
0	0	96	63
11	0	96	58
0	0	75	70
0	0	71	54
47	0	71	46
61	0	90	42
0	0	105	56
0	0	61	53
7	0	69	43
0	0	50	54
6	0	61	40
33	0	65	38
21	0	85	36
28	0	89	39
0	0	75	39
0	0	52	37
0	0	41	31
0	9	31	41
13	0	41	32
0	8	36	45
0	7	32	56
0	3	33	58
0	17	38	60
0	0	35	61
0	1	36	63
0	0	37	62
4	0	61	56
0	0	55	44
7	0	60	37
13	0	64	34
43	0	64	33
21	5	89	54
0	0	85	51
0	14	58	78
0	6	53	105
0	0	61	63
15	0	73	47
51	0	76	41
0	14	83	59
0	0	60	76
0	0	54	72
0	0	64	48
0	0	55	57
0	0	49	42
8	20	42	55
0	0	42	60
16	39	51	69
0	0	51	81
1	0	71	51
0	0	51	60
0	0	43	57
17	37	49	70
0	0	68	76
0	0	56	72
0	0	49	66
0	0	48	59
17	40	62	75
0	0	59	93
0	0	56	81
0	0	55	72
39	51	69	81
3	0	109	82
0	0	85	92
0	0	77	89
19	54	113	123
0	0	109	150
0	0	107	135
0	0	95	127
0	0	102	89
0	0	79	95
0	0	82	67
0	0	82	55
0	0	70	48
15	0	73	43
33	0	82	41
41	0	97	41
122	62	77	59
37	0	109	79
45	61	141	112
0	0	129	150
0	0	102	136
0	0	88	121
0	0	73	108
0	0	62	92
0	0	55	79
31	0	72	54
0	0	69	62
15	50	100	87
0	0	84	122
0	0	78	108
0	0	71	96
37	0	94	64
0	0	87	75
19	56	116	105
19	0	141	112
0	0	119	122
0	0	102	124
65	0	124	92
122	0	159	94
0	0	195	116
34	94	249	166
0	0	179	149
23	0	197	113
0	0	192	109
21	0	185	107
120	0	177	99
92	0	195	95
88	0	217	96
0	0	169	137
0	0	123	107
0	0	91	106
0	0	75	96
39	0	93	68
0	0	85	74
0	0	65	76
0	0	29	43
8	21	34	46
0	0	37	40
0	0	30	41
11	0	41	29
0	0	42	35
0	15	33	50
0	0	34	37
4	11	47	48
62	0	44	35
5	0	76	42
16	0	77	40
0	0	78	39
29	0	73	39
0	5	69	62
24	54	94	91
0	0	86	112
0	0	79	103
0	0	70	93
29	0	90	66
0	0	83	54
0	17	34	69
0	0	39	47
0	11	35	54
0	11	38	68
0	11	21	65
13	40	31	70
9	0	62	79
0	0	62	56
0	0	45	42
0	31	43	51
27	53	55	84
0	0	56	103
0	0	57	84
24	0	76	58
0	0	71	48
0	0	61	41
0	0	43	49
14	33	57	64
15	49	102	115
0	0	97	142
0	0	121	95
0	0	120	80
0	0	85	93
0	0	73	91
0	0	65	85
20	50	99	106
15	0	132	103
