99	69	21	17
98	67	19	25
99	64	21	27
102	65	21	22
101	62	23	26
102	62	23	26
104	61	21	27
101	58	24	34
98	57	28	37
125	11	49	54
54	0	87	44
0	0	60	34
0	0	22	25
0	0	18	17
0	0	10	11
0	0	10	10
0	0	10	10
0	0	10	10
0	0	10	10
0	0	10	10
0	0	10	10
0	0	10	10
0	0	10	10
0	0	10	10
0	0	10	10
0	0	10	10
3	2	15	14
1	0	20	23
0	8	18	23
0	0	27	38
36	0	31	22
64	12	25	32
55	9	59	49
32	27	105	81
0	0	76	70
0	0	59	52
0	0	44	38
0	0	38	41
0	0	17	24
0	0	10	13
3	6	13	15
0	0	12	13
0	0	12	10
1	0	14	10
4	5	21	16
0	0	10	12
3	0	12	16
3	0	16	21
0	0	10	11
3	1	11	16
2	2	14	24
0	3	16	22
0	17	13	25
0	18	14	30
0	27	18	38
0	0	20	52
10	0	35	29
0	0	17	19
2	1	15	30
0	3	24	37
1	0	34	26
0	0	35	23
0	0	22	20
0	22	19	22
0	9	23	45
0	21	13	42
0	12	19	50
3	0	34	33
0	0	32	26
26	0	31	20
35	0	41	17
35	0	59	24
33	0	67	33
38	0	68	26
40	0	57	44
15	0	75	46
0	0	81	37
16	0	80	59
42	10	128	104
0	0	66	69
28	0	70	40
12	0	100	70
27	5	135	126
0	0	127	98
34	0	128	84
0	0	118	85
31	23	111	107
18	0	149	94
19	0	165	86
0	0	123	81
0	0	50	57
0	0	44	39
0	0	48	42
0	0	43	33
0	0	16	22
0	0	20	16
0	2	10	20
0	0	11	24
0	0	17	14
0	0	12	16
0	0	10	11
2	0	13	10
0	0	13	10
0	0	11	10
0	0	10	10
0	0	10	10
5	0	11	10
0	0	11	10
0	0	10	10
0	0	10	10
0	0	10	10
0	0	10	10
0	0	10	10
0	0	10	10
0	0	10	10
0	0	10	10
0	0	10	10
0	0	10	10
0	0	10	10
0	0	10	10
0	0	10	10
0	0	10	10
0	0	10	10
0	0	10	10
0	0	10	10
0	2	10	10
2	0	12	10
0	0	10	10
0	0	10	10
0	0	10	10
0	0	10	10
0	0	10	10
0	0	10	10
0	0	10	10
4	0	11	10
15	0	13	10
0	0	22	11
0	0	16	11
0	0	10	10
0	0	10	10
0	0	10	10
0	0	10	10
0	0	10	10
0	0	10	10
0	0	10	10
0	0	10	10
0	0	10	10
0	0	10	10
0	0	10	10
0	0	10	10
0	0	10	10
0	0	10	10
8	0	10	10
9	0	19	14
1	4	36	23
11	11	39	30
13	15	46	38
19	19	40	32
18	20	43	33
18	21	43	32
12	20	44	33
15	21	41	34
14	22	42	34
12	21	44	36
7	15	67	60
66	78	28	39
59	84	36	34
59	80	39	53
59	82	36	51
55	81	44	57
0	7	69	91
21	0	86	66
0	40	101	82
26	32	109	145
0	0	95	111
22	32	115	126
0	0	57	83
0	16	73	96
15	29	121	134
31	0	162	113
0	0	148	99
0	0	147	91
0	0	130	85
0	0	126	75
0	0	92	70
0	0	92	61
0	0	58	53
14	10	53	74
2	0	79	56
0	0	31	37
7	7	42	54
6	0	61	41
0	0	50	48
17	21	29	56
15	23	33	52
16	29	32	46
16	33	39	55
16	21	48	91
0	0	29	51
11	22	55	61
0	0	26	44
1	0	37	28
0	0	15	18
7	2	16	27
6	1	24	35
6	6	31	42
0	0	28	31
0	0	13	18
11	0	16	12
0	0	16	10
0	0	10	10
0	0	10	10
8	2	11	15
6	3	17	24
6	7	24	30
4	12	42	45
11	16	47	51
22	21	39	44
16	20	43	43
19	21	43	43
22	24	41	42
18	23	47	44
16	23	46	48
6	30	85	88
0	88	84	93
0	0	38	98
0	0	22	43
0	0	13	21
8	3	19	23
0	0	19	17
11	6	15	25
9	5	25	33
13	25	47	36
28	32	30	36
14	26	43	39
14	25	40	42
15	26	40	43
20	27	34	43
17	26	37	41
19	26	33	43
21	27	33	41
21	30	28	37
21	26	34	44
15	19	52	65
0	0	27	42
3	0	39	28
0	0	41	24
0	0	39	23
0	0	15	17
0	0	10	10
0	0	10	10
0	0	10	10
0	0	10	10
0	0	10	10
0	0	10	10
0	0	10	10
0	0	10	10
0	0	10	10
0	0	10	10
7	9	12	13
4	4	22	24
3	2	33	36
10	18	42	33
17	20	35	33
14	20	39	34
17	19	40	36
18	21	39	34
21	21	39	34
23	21	34	30
18	20	42	31
24	19	42	37
26	0	63	38
0	0	60	48
0	0	24	29
17	12	28	31
0	0	17	22
0	0	10	12
0	0	10	10
0	0	10	10
0	0	10	10
0	0	10	10
0	0	10	10
0	0	10	10
0	0	10	10
0	0	10	10
0	0	10	10
0	0	10	10
0	0	10	10
0	0	10	10
0	0	10	10
0	0	10	10
0	0	10	10
0	0	10	10
0	0	10	10
0	0	10	10
0	0	10	10
0	0	10	10
0	0	10	10
0	0	10	10
0	0	10	10
0	0	10	10
0	0	10	10
0	0	10	10
0	0	10	10
0	0	10	10
0	0	10	10
0	0	10	10
0	0	10	10
0	0	10	10
3	3	14	11
18	3	14	14
9	1	34	23
14	8	53	32
24	17	49	47
55	71	50	52
49	70	41	56
45	72	50	54
41	73	57	66
37	69	57	87
33	65	67	102
23	68	86	128
0	0	51	87
0	0	27	43
0	0	15	21
14	0	16	13
11	0	25	11
0	0	13	10
0	0	10	10
0	0	10	10
0	0	10	10
0	0	10	10
0	0	10	10
0	0	10	10
0	0	10	10
0	0	10	10
0	0	10	10
0	0	10	10
0	0	10	10
0	0	10	10
0	0	10	10
0	0	10	10
0	0	10	10
0	0	10	10
0	0	10	10
0	0	10	10
0	0	10	10
0	0	10	10
0	0	10	10
0	0	10	10
0	0	10	10
0	0	10	10
0	0	10	10
0	0	10	10
0	0	10	10
0	0	10	10
0	0	10	10
0	0	10	10
0	0	10	10
0	0	10	10
0	0	10	10
0	0	10	10
0	0	10	10
0	0	10	10
0	0	10	10
0	0	10	10
0	0	10	10
0	0	10	10
0	0	10	10
0	0	10	10
0	0	10	10
0	0	10	10
0	0	10	10
0	0	10	10
0	0	10	10
0	0	10	10
0	0	10	10
0	0	10	10
0	0	10	10
0	0	10	10
0	0	10	10
0	0	10	10
0	0	10	10
0	0	10	10
0	0	10	10
0	0	10	10
0	0	10	10
0	0	10	10
0	0	10	10
0	0	10	10
0	0	10	10
0	0	10	10
0	0	10	10
0	0	10	10
0	0	10	10
0	0	10	10
0	0	10	10
0	0	10	10
0	0	10	10
0	0	10	10
0	0	10	10
0	0	10	10
0	0	10	10
0	0	10	10
0	0	10	10
0	0	10	10
0	0	10	10
0	0	10	10
0	0	10	10
0	0	10	10
0	0	10	10
0	0	10	10
0	0	10	10
0	0	10	10
0	0	10	10
0	0	10	10
0	0	10	10
0	0	10	10
0	0	10	10
0	0	10	10
0	0	10	10
0	0	10	10
0	0	10	10
0	0	10	10
0	0	10	10
0	0	10	10
0	0	10	10
0	0	10	10
0	0	10	10
0	0	10	10
0	0	10	10
0	0	10	10
0	0	10	10
0	0	10	10
0	0	10	10
0	0	10	10
0	0	10	10
0	0	10	10
0	0	10	10
0	0	10	10
0	0	10	10
0	0	10	10
0	0	10	10
0	0	10	10
0	0	10	10
0	0	10	10
0	0	10	10
0	0	10	10
0	0	10	10
0	0	10	10
0	0	10	10
0	0	10	10
0	0	10	10
0	0	10	10
0	0	10	10
0	0	10	10
0	0	10	10
0	0	10	10
0	0	10	10
0	0	10	10
0	0	10	10
0	0	10	10
0	0	10	10
0	0	10	10
0	0	10	10
0	0	10	10
0	0	10	10
0	0	10	10
0	0	10	10
0	0	10	10
0	0	10	10
0	0	10	10
0	0	10	10
0	0	10	10
0	0	10	10
0	0	10	10
0	0	10	10
0	0	10	10
0	0	10	10
0	0	10	10
0	0	10	10
0	0	10	10
0	0	10	10
0	0	10	10
0	0	10	10
0	0	10	10
0	0	10	10
0	0	10	10
0	0	10	10
0	0	10	10
0	0	10	10
0	0	10	10
0	0	10	10
0	0	10	10
0	0	10	10
0	0	10	10
0	0	10	10
0	0	10	10
0	0	10	10
0	0	10	10
0	0	10	10
0	0	10	10
0	0	10	10
0	0	10	10
0	0	10	10
0	0	10	10
0	0	10	10
0	0	10	10
0	0	10	10
0	0	10	10
0	0	10	10
0	0	10	10
0	0	10	10
0	0	10	10
0	0	10	10
0	0	10	10
0	0	10	10
0	0	10	10
0	0	10	10
0	0	10	10
0	0	10	10
0	0	10	10
0	0	10	10
0	0	10	10
0	0	10	10
0	0	10	10
0	0	10	10
0	0	10	10
0	0	10	10
0	0	10	10
0	0	10	10
0	0	10	10
0	0	10	10
0	0	10	10
0	0	10	10
0	0	10	10
0	0	10	10
0	0	10	10
0	0	10	10
0	0	10	10
0	0	10	10
0	0	10	10
0	0	10	10
0	0	10	10
0	0	10	10
0	0	10	10
0	0	10	10
0	0	10	10
0	0	10	10
0	0	10	10
0	0	10	10
0	0	10	10
0	0	10	10
0	0	10	10
0	0	10	10
0	0	10	10
0	0	10	10
0	0	10	10
0	0	10	10
0	0	10	10
0	0	10	10
0	0	10	10
0	0	10	10
0	0	10	10
0	0	10	10
0	0	10	10
0	0	10	10
0	0	10	10
0	0	10	10
0	0	10	10
0	0	10	10
0	0	10	10
0	0	10	10
0	0	10	10
0	0	10	10
0	0	10	10
0	0	10	10
0	0	10	10
0	0	10	10
0	0	10	10
0	0	10	10
0	0	10	10
0	0	10	10
0	0	10	10
0	0	10	10
0	0	10	10
0	0	10	10
0	0	10	10
0	0	10	10
0	0	10	10
0	0	10	10
0	0	10	10
0	0	10	10
0	0	10	10
0	0	10	10
0	0	10	10
0	0	10	10
0	0	10	10
0	0	10	10
0	0	10	10
0	0	10	10
0	0	10	10
0	0	10	10
0	0	10	10
0	0	10	10
0	0	10	10
0	0	10	10
0	0	10	10
0	0	10	10
0	0	10	10
0	0	10	10
0	0	10	10
0	0	10	10
0	0	10	10
0	0	10	10
0	0	10	10
0	0	10	10
0	0	10	10
0	0	10	10
0	0	10	10
0	0	10	10
0	0	10	10
0	0	10	10
0	0	10	10
0	0	10	10
0	0	10	10
0	0	10	10
0	0	10	10
0	0	10	10
0	0	10	10
0	0	10	10
0	0	10	10
0	0	10	10
0	0	10	10
0	0	10	10
0	0	10	10
0	7	15	12
0	0	10	11
3	7	16	13
0	0	13	14
2	4	17	14
6	0	20	14
0	4	18	21
0	0	24	21
0	0	30	25
0	0	30	20
4	0	26	17
5	0	31	15
23	0	27	14
9	0	31	14
10	0	35	14
33	0	32	13
57	0	29	11
78	0	28	10
97	0	27	10
75	0	26	10
73	0	28	11
77	0	30	12
51	0	30	10
29	0	26	10
11	0	28	10
0	0	23	11
0	0	20	12
0	9	16	20
0	0	13	33
0	0	15	24
0	0	16	24
0	6	16	33
0	0	17	43
0	0	10	19
0	0	20	27
1	0	26	19
0	0	21	16
0	0	23	14
3	0	24	13
0	0	10	10
0	0	10	10
0	3	15	15
0	7	10	26
0	3	17	38
16	38	29	26
6	30	36	51
7	32	37	66
7	37	30	58
7	45	35	49
2	30	73	76
0	24	79	98
0	32	82	122
0	0	40	75
0	12	64	86
0	17	67	126
0	25	51	115
0	24	33	117
0	57	26	82
2	94	30	35
0	93	44	38
8	94	41	39
21	95	36	38
29	92	38	40
37	92	36	39
47	87	35	42
49	87	40	42
60	83	38	41
69	78	40	45
77	74	39	48
81	73	40	46
85	70	41	50
88	67	39	50
90	67	41	46
94	64	46	48
91	61	48	52
87	56	57	56
90	54	53	62
91	51	55	61
90	51	54	57
88	51	55	57
84	51	59	58
83	55	57	55
75	57	62	59
67	53	64	63
61	60	63	60
53	61	67	61
48	65	64	56
34	72	71	49
21	80	66	37
4	79	76	42
0	77	61	43
0	74	40	56
0	55	24	67
0	44	36	81
0	3	31	114
0	0	29	112
0	0	22	90
0	0	24	63
0	0	29	54
0	0	33	56
3	4	59	61
0	0	24	35
12	0	41	45
0	5	22	51
0	0	25	66
0	7	21	69
0	4	23	72
0	0	29	69
0	10	25	73
0	26	39	86
0	40	39	82
11	47	38	67
10	39	52	82
15	41	63	81
34	46	55	72
43	47	57	73
59	45	51	71
70	38	51	77
84	34	47	77
94	32	48	75
102	29	46	73
111	29	47	71
117	28	47	68
123	31	47	62
129	33	46	50
135	32	44	55
139	36	42	51
142	36	35	46
138	31	42	56
135	32	41	49
131	36	43	49
129	37	44	52
123	46	49	47
111	46	57	51
103	52	62	44
88	57	68	42
74	65	74	40
66	66	73	45
61	70	77	43
44	71	78	42
38	72	78	43
19	71	74	46
13	67	78	49
5	65	76	51
13	64	63	59
9	55	51	63
3	45	50	75
2	21	44	95
0	19	39	97
0	29	33	88
0	32	25	81
0	3	28	69
3	0	60	79
0	12	96	98
0	27	77	122
0	24	34	110
8	9	25	106
7	20	26	99
0	31	35	95
5	39	38	85
6	55	46	63
12	67	50	47
16	64	58	52
17	66	68	50
27	64	66	53
41	63	66	51
49	63	71	49
62	61	67	52
71	57	66	51
85	53	66	56
93	50	59	55
102	47	63	55
111	49	59	48
121	46	59	47
123	44	61	48
126	40	58	52
133	43	51	48
133	25	67	77
139	45	46	47
140	45	45	41
134	42	53	42
135	46	51	40
135	49	47	39
130	48	42	43
125	54	42	43
116	60	41	40
108	64	44	42
100	62	45	41
87	61	53	40
73	70	57	37
63	70	54	37
58	71	49	40
50	74	42	38
38	71	48	40
25	73	63	38
28	72	40	34
13	71	59	39
10	73	59	38
9	74	52	35
7	73	55	36
5	69	55	44
6	40	66	91
0	0	62	77
13	24	96	84
0	0	44	61
17	19	65	84
12	17	84	107
0	0	44	64
20	16	57	81
9	25	87	100
0	0	39	63
26	17	53	77
15	63	93	98
0	0	47	79
42	88	29	45
39	87	39	32
46	87	43	33
54	85	64	35
63	77	59	42
68	75	59	42
73	73	57	48
80	72	53	49
85	68	50	50
91	66	47	50
93	64	50	52
94	56	51	64
56	24	115	113
58	48	107	100
47	43	127	115
45	32	138	151
0	0	104	100
77	51	80	86
84	47	69	101
83	46	69	103
85	49	67	103
85	56	58	91
90	59	48	78
94	64	39	65
89	64	41	70
86	67	47	72
3	0	96	90
88	41	103	96
0	0	76	72
0	0	30	42
0	0	26	28
0	0	12	16
0	0	10	10
0	0	10	10
0	0	10	10
0	0	10	10
0	0	10	10
0	0	10	10
0	0	10	10
0	0	10	10
0	0	10	10
0	0	10	10
0	0	10	10
0	0	10	10
0	0	10	10
0	0	10	10
0	0	10	10
0	0	10	10
0	0	10	10
0	0	10	10
0	0	10	10
0	0	10	10
0	0	10	10
0	0	10	10
0	0	10	10
0	0	10	10
0	0	10	10
0	0	10	10
0	0	10	10
0	0	10	10
0	0	10	10
0	0	10	10
0	0	10	10
0	0	10	10
0	0	10	10
0	0	10	10
0	0	10	10
0	0	10	10
0	0	10	10
0	0	10	10
0	0	10	10
0	0	10	10
0	0	10	10
0	0	10	10
0	0	10	10
0	0	10	10
0	0	10	10
0	0	10	10
0	0	10	10
0	0	10	10
0	0	10	10
0	0	10	10
0	0	10	10
0	0	10	10
0	0	10	10
0	0	10	10
0	0	10	10
0	0	10	10
0	0	10	10
0	0	10	10
0	0	10	10
0	0	10	10
0	0	10	10
0	0	10	10
0	0	10	10
0	0	10	10
0	0	10	10
0	0	10	10
0	0	10	10
0	0	10	10
0	0	10	10
0	0	10	10
0	0	10	10
0	0	10	10
0	0	10	10
0	0	10	10
0	0	10	10
0	0	10	10
0	0	10	10
0	0	10	10
0	0	10	10
0	0	10	10
0	0	10	10
0	0	10	10
0	0	10	10
0	0	10	10
0	0	10	10
0	0	10	10
0	0	10	10
0	0	10	10
0	0	10	10
0	0	10	10
0	0	10	10
0	0	10	10
0	0	10	10
0	0	10	10
0	0	10	10
0	0	10	10
0	0	10	10
0	0	10	10
0	0	10	10
0	0	10	10
0	0	10	10
0	0	10	10
0	0	10	10
0	0	10	10
0	0	10	10
0	0	10	10
0	0	10	10
0	0	10	10
0	0	10	10
0	0	10	10
0	0	10	10
0	0	10	10
0	0	10	10
0	0	10	10
0	0	10	10
0	0	10	10
0	0	10	10
0	0	10	10
0	0	10	10
0	0	10	10
0	0	10	10
0	0	10	10
0	0	10	10
0	0	10	10
0	0	10	10
0	0	10	10
0	0	10	10
0	0	10	10
0	0	10	10
0	0	10	10
0	0	10	10
0	0	10	10
0	0	10	10
0	0	10	10
0	0	10	10
0	0	10	10
0	0	10	10
0	0	10	10
0	0	10	10
0	0	10	10
0	0	10	10
0	0	10	10
0	0	10	10
0	0	10	10
0	0	10	10
0	0	10	10
0	0	10	10
0	0	10	10
0	0	10	10
0	0	10	10
0	0	10	10
0	0	10	10
0	0	10	10
0	0	10	10
0	0	10	10
0	0	10	10
0	0	10	10
0	0	10	10
0	0	10	10
0	0	10	10
0	0	10	10
0	0	10	10
0	0	10	10
0	0	10	10
0	0	10	10
0	0	10	10
0	0	10	10
0	0	10	10
0	0	10	10
0	0	10	10
0	0	10	10
0	0	10	10
0	0	10	10
0	0	10	10
0	0	10	10
0	0	10	10
0	0	10	10
0	0	10	10
0	0	10	10
0	0	10	10
0	0	10	10
0	0	10	10
0	0	10	10
0	0	10	10
0	0	10	10
0	0	10	10
0	0	10	10
0	0	10	10
0	0	10	10
0	0	10	10
0	0	10	10
1	0	12	10
0	0	10	10
0	0	10	10
0	0	10	10
0	0	10	10
0	0	10	10
0	0	10	10
0	0	10	10
0	0	10	10
0	0	10	10
0	0	10	10
0	0	10	10
0	0	10	10
0	0	10	10
0	0	10	10
0	0	10	10
0	0	10	10
0	0	10	10
0	0	10	10
0	0	10	10
0	0	10	10
0	0	10	10
0	0	12	10
0	0	10	10
0	0	10	10
0	0	10	10
0	0	10	10
0	0	10	10
0	0	10	10
0	0	10	10
1	0	11	10
0	0	10	11
0	2	10	13
0	0	11	14
0	0	11	10
0	0	11	10
0	0	10	10
0	1	10	13
0	0	10	10
0	0	10	10
0	0	10	10
0	0	10	10
0	0	10	10
0	0	10	10
0	0	10	10
0	0	10	10
0	0	10	10
0	0	10	10
0	0	10	10
0	0	10	10
0	0	10	10
0	0	10	10
0	0	10	10
0	0	10	10
0	0	10	10
0	0	10	10
0	0	10	10
0	0	10	10
0	0	10	10
0	0	10	10
0	0	10	10
0	0	10	10
0	0	10	10
0	0	10	10
0	0	10	10
0	0	10	10
0	0	10	10
0	0	10	10
0	0	10	10
0	0	10	10
0	0	10	10
0	0	10	10
0	0	10	10
0	0	10	10
0	0	10	10
0	0	10	10
0	0	10	10
0	0	10	10
0	0	10	10
0	0	10	10
0	0	10	10
0	0	10	10
0	0	10	10
0	0	10	10
0	0	10	10
0	0	10	10
0	0	10	10
0	0	10	10
0	0	10	10
0	0	10	10
0	0	10	10
0	0	10	10
0	0	10	10
0	0	10	10
0	0	10	10
0	0	10	10
0	0	10	10
0	0	10	10
0	0	10	10
0	0	10	10
0	0	10	10
0	0	10	10
0	0	10	10
0	0	10	10
0	0	10	10
0	0	10	10
0	0	10	10
0	0	10	10
0	0	10	10
0	0	10	10
0	0	10	10
0	0	10	10
0	0	10	10
0	0	10	10
0	0	10	10
0	0	10	10
0	0	10	10
0	0	10	10
0	0	10	10
0	0	10	10
0	0	10	10
0	0	10	10
0	0	10	10
0	0	10	10
0	0	10	10
0	0	10	10
0	0	10	10
0	0	10	10
0	0	10	10
0	0	10	10
0	0	10	10
0	0	10	10
0	0	10	10
0	0	10	10
0	0	10	10
0	0	10	10
0	0	10	10
0	0	10	10
0	0	10	10
0	0	10	10
0	0	10	10
0	0	10	10
0	0	10	10
0	0	10	10
0	0	10	10
0	0	10	10
0	0	10	10
0	0	10	10
0	0	10	10
0	0	10	10
0	0	10	10
0	0	10	10
0	0	10	10
0	0	10	10
0	0	10	10
0	0	10	10
0	0	10	10
0	0	10	10
0	0	10	10
0	0	10	10
0	0	10	10
0	0	10	10
0	0	10	10
0	0	10	10
0	0	10	10
0	0	10	10
0	0	10	10
0	0	10	10
0	0	10	10
0	0	10	10
0	0	10	10
0	0	10	10
0	0	12	10
0	0	10	11
0	0	10	10
0	0	10	10
0	0	10	10
0	0	10	10
0	0	10	10
0	0	10	10
0	0	10	10
0	0	10	10
0	0	10	10
0	0	10	10
0	0	10	10
0	0	10	10
0	0	10	10
0	0	10	10
0	0	10	10
0	0	10	10
0	0	10	10
0	0	10	10
0	0	10	10
0	0	10	10
0	0	10	10
0	0	10	10
0	0	10	10
0	0	10	10
0	0	10	10
0	0	10	10
0	0	10	10
0	0	10	10
0	0	10	10
0	0	10	10
0	0	10	10
0	0	10	10
0	0	10	10
0	0	10	10
0	0	10	10
0	0	10	10
0	0	10	10
0	0	10	10
0	0	10	10
0	0	10	10
0	0	10	10
0	0	10	10
0	0	10	10
0	0	10	10
0	0	10	10
0	0	10	10
0	0	10	10
0	0	10	10
0	0	10	10
0	0	10	10
0	0	10	10
0	0	10	10
0	0	10	10
0	0	10	10
0	0	10	10
0	0	11	10
0	0	10	10
0	0	10	10
0	0	10	10
0	0	10	10
0	0	10	10
0	0	10	10
0	0	10	10
0	0	10	10
0	0	10	10
0	0	10	10
0	0	10	10
0	0	10	10
0	0	10	10
0	0	10	10
0	0	10	10
0	0	10	10
0	0	10	10
0	0	10	10
0	0	10	10
0	0	10	10
0	0	10	10
0	0	10	10
0	0	10	10
0	0	10	10
0	0	10	10
0	0	10	10
0	0	10	10
0	0	10	10
0	0	10	10
0	0	10	10
0	0	10	10
0	0	10	10
0	0	10	10
0	0	10	10
0	0	10	10
0	0	10	10
0	0	10	10
0	0	10	10
0	0	10	10
0	0	10	10
0	0	10	10
0	0	10	10
0	0	10	10
0	0	10	10
0	0	10	10
0	0	10	10
0	0	10	10
0	0	10	10
0	0	10	10
0	0	10	10
0	0	10	10
0	0	10	10
0	0	10	10
0	0	10	10
0	0	10	10
0	0	10	10
0	0	10	10
0	0	10	10
0	0	10	10
0	0	10	10
0	0	10	10
0	0	10	10
0	0	10	10
0	0	10	10
0	0	10	10
0	0	10	10
0	0	10	10
0	0	10	10
0	0	10	10
0	0	10	10
0	0	10	10
0	0	10	10
0	0	10	10
0	0	10	10
0	0	10	10
0	0	10	10
0	0	10	10
0	0	10	10
0	0	10	10
0	0	10	10
0	0	10	10
0	0	10	10
0	0	10	10
0	0	10	10
0	0	10	10
0	0	10	10
0	0	10	10
0	0	10	10
0	0	10	10
0	0	10	10
0	0	10	10
0	0	10	10
0	0	10	10
0	0	10	10
0	0	10	10
0	0	10	10
0	0	10	10
0	0	10	10
0	0	10	10
0	0	10	10
0	0	10	10
0	0	10	10
0	0	10	10
0	0	10	10
0	0	10	10
0	0	10	10
0	0	10	10
0	0	10	10
0	0	10	10
0	0	10	10
0	0	10	10
0	0	10	10
0	0	10	10
0	0	10	10
0	0	10	10
0	0	10	10
0	0	10	10
0	0	10	10
0	0	10	10
0	0	10	10
0	0	10	10
0	0	10	10
0	0	10	10
0	0	10	10
0	0	10	10
0	0	10	10
0	0	10	10
0	0	10	10
0	0	10	10
0	0	10	10
0	0	10	10
0	0	10	10
0	0	10	10
0	0	10	10
0	0	10	10
0	0	10	10
0	0	10	10
0	0	10	10
0	0	10	10
0	0	10	10
0	0	10	10
0	0	10	10
0	0	10	10
0	0	10	10
0	0	10	10
0	0	10	10
0	0	10	10
0	0	10	10
0	0	10	10
0	0	10	10
0	0	10	10
0	0	10	10
0	0	10	10
0	0	10	10
0	0	10	10
0	0	10	10
0	0	10	10
0	0	10	10
0	0	10	10
0	0	10	10
0	0	10	10
0	0	10	10
0	0	10	10
0	0	10	10
0	0	10	10
0	0	10	10
0	0	10	10
0	0	10	10
0	0	10	10
0	0	10	10
0	0	10	10
0	0	10	10
0	0	10	10
0	0	10	10
0	0	10	10
0	0	10	10
0	0	10	10
0	0	10	10
0	0	10	10
0	0	10	10
0	0	10	10
0	0	10	10
0	0	10	10
0	0	10	10
0	0	10	10
0	0	10	10
0	0	10	10
0	0	10	10
0	0	10	10
0	0	10	10
0	0	10	10
0	0	10	10
0	0	10	10
0	0	10	10
0	0	10	10
0	0	10	10
0	0	10	10
0	0	10	10
0	0	10	10
0	0	10	10
0	0	10	10
0	0	10	10
0	0	10	10
0	0	10	10
0	0	10	10
0	0	10	10
0	0	10	10
0	0	10	10
0	0	10	10
0	0	10	10
0	0	10	10
0	0	10	10
0	0	10	10
0	0	10	10
0	0	10	10
0	0	10	10
0	0	10	10
0	0	10	10
0	0	10	10
0	0	10	10
0	0	10	10
0	0	10	10
0	0	10	10
0	0	10	10
0	0	10	10
0	0	10	10
0	0	10	10
0	0	10	10
0	0	10	10
0	0	10	10
0	0	10	10
0	0	10	10
0	0	10	10
0	0	10	10
0	0	10	10
0	0	10	10
0	0	10	10
0	0	10	10
0	0	10	10
0	0	10	10
0	0	10	10
0	0	10	10
0	0	10	10
0	0	10	10
0	0	10	10
0	0	10	10
0	0	10	10
0	0	10	10
0	0	10	10
0	0	10	10
0	0	10	10
0	0	10	10
0	0	10	10
0	0	10	10
0	0	10	10
0	0	10	10
0	0	10	10
0	0	10	10
0	0	10	10
0	0	10	10
0	0	10	10
0	0	10	10
0	0	10	10
0	0	10	10
0	0	10	10
0	0	10	10
0	0	10	10
0	0	10	10
0	0	10	10
0	0	10	10
0	0	10	10
0	0	10	10
0	0	10	10
0	0	10	10
0	0	10	10
0	0	10	10
0	0	10	10
0	0	10	10
0	0	10	10
0	0	10	10
0	0	10	10
0	0	10	10
0	0	10	10
0	0	10	10
0	0	10	10
0	0	10	10
0	0	10	10
0	0	10	10
0	0	10	10
0	0	10	10
0	0	10	10
0	0	10	10
0	0	10	10
0	0	10	10
0	0	10	10
0	0	10	10
0	0	10	10
0	0	10	10
0	0	10	10
0	0	10	10
0	0	10	10
0	0	10	10
0	0	10	10
0	0	10	10
0	0	10	10
0	0	10	10
0	0	10	10
0	0	10	10
0	0	10	10
0	0	10	10
0	0	10	10
0	0	10	10
0	0	10	10
0	0	10	10
0	0	10	10
0	0	10	10
0	0	10	10
0	0	10	10
0	0	10	10
0	0	10	10
0	0	10	10
0	0	10	10
0	0	10	10
0	0	10	10
0	0	10	10
0	0	10	10
0	0	10	10
0	0	10	10
0	0	10	10
0	0	10	10
0	0	10	10
0	0	10	10
0	0	10	10
0	0	10	10
0	0	10	10
0	0	10	10
0	0	10	10
0	0	10	10
0	0	10	10
0	0	10	10
0	0	10	10
0	0	10	10
0	0	10	10
0	0	10	10
0	0	10	10
0	0	10	10
0	0	10	10
0	0	10	10
0	0	10	10
0	0	10	10
0	0	10	10
0	0	10	10
0	0	10	10
0	0	10	10
0	0	10	10
0	0	10	10
0	0	10	10
0	0	10	10
0	0	10	10
0	0	10	10
0	0	10	10
0	0	10	10
0	0	10	10
0	0	10	10
0	0	10	10
0	0	10	10
0	0	10	10
0	0	10	10
0	0	10	10
0	0	10	10
0	0	10	10
0	0	10	10
0	0	10	10
0	0	10	10
0	0	10	10
0	0	10	10
0	0	10	10
0	0	10	10
0	0	10	10
0	0	10	10
0	0	10	10
0	0	10	10
0	0	10	10
0	0	10	10
0	0	10	10
0	0	10	10
0	0	10	10
0	0	10	10
0	0	10	10
0	0	10	10
0	0	10	10
0	0	10	10
0	0	10	10
0	0	10	10
0	0	10	10
0	0	10	10
0	0	10	10
0	0	10	10
0	0	10	10
0	0	10	10
0	0	10	10
0	0	10	10
0	0	10	10
0	0	10	10
0	0	10	10
0	0	10	10
0	0	10	10
0	0	10	10
0	0	10	10
0	0	10	10
0	0	10	10
0	0	10	10
0	0	10	10
0	0	10	10
0	0	10	10
0	0	10	10
0	0	10	10
0	0	10	10
0	0	10	10
0	0	10	10
0	0	10	10
0	0	10	10
0	0	10	10
0	0	10	10
0	0	10	10
0	0	10	10
0	0	10	10
0	0	10	10
0	0	10	10
0	0	10	10
0	0	10	10
0	0	10	10
0	0	10	10
0	0	10	10
0	0	10	10
0	0	10	10
0	0	10	10
0	0	10	10
0	0	10	10
0	0	10	10
0	0	10	10
0	0	10	10
0	0	10	10
0	0	10	10
0	0	10	10
0	0	10	10
0	0	10	10
0	0	10	10
0	0	10	10
0	0	10	10
0	0	10	10
0	0	10	10
0	0	10	10
0	0	10	10
0	0	10	10
0	0	10	10
0	0	10	10
0	0	10	10
0	0	10	10
0	0	10	10
0	0	10	10
0	0	10	10
0	0	10	10
0	0	10	10
0	0	10	10
0	0	10	10
0	0	10	10
0	0	10	10
0	0	10	10
0	0	10	10
0	0	10	10
0	0	10	10
0	0	10	10
0	0	10	10
0	0	10	10
0	0	10	10
0	0	10	10
0	0	10	10
0	0	10	10
0	0	10	10
0	0	10	10
0	0	10	10
0	0	10	10
0	0	10	10
0	0	10	10
0	0	10	10
0	0	10	10
0	0	10	10
0	0	10	10
0	0	10	10
0	0	10	10
0	0	10	10
0	0	10	10
0	0	10	10
0	0	10	10
0	0	10	10
0	0	10	10
0	0	10	10
0	0	10	10
0	0	10	10
0	0	10	10
0	0	10	10
0	0	10	10
0	0	10	10
0	0	10	10
0	0	10	10
0	0	10	10
0	0	10	10
0	0	10	10
0	0	10	10
0	0	10	10
0	0	10	10
0	0	10	10
0	0	10	10
0	0	10	10
0	0	10	10
0	0	10	10
0	0	10	10
0	0	10	10
0	0	10	10
0	0	10	10
0	0	10	10
0	0	10	10
0	0	10	10
0	0	10	10
0	0	10	10
0	0	10	10
0	0	10	10
0	0	10	10
0	0	10	10
0	0	10	10
0	0	10	10
0	0	10	10
0	0	10	10
0	0	10	10
0	0	10	10
0	0	10	10
0	0	10	10
0	0	10	10
0	0	10	10
0	0	10	10
0	0	10	10
0	0	10	10
0	0	10	10
0	0	10	10
0	0	10	10
0	0	10	10
0	0	10	10
0	0	10	10
0	0	10	10
0	0	10	10
0	0	10	10
0	0	10	10
0	0	10	10
0	0	10	10
0	0	10	10
0	0	10	10
0	0	10	10
0	0	10	10
0	0	10	10
0	0	10	10
0	0	10	10
0	0	10	10
0	0	10	10
0	0	10	10
0	0	10	10
0	0	10	10
0	0	10	10
0	0	10	10
0	0	10	10
0	0	10	10
0	0	10	10
0	0	10	10
0	0	10	10
0	0	10	10
0	0	10	10
0	0	10	10
0	0	10	10
0	0	10	10
0	0	10	10
0	0	10	10
0	0	10	10
0	0	10	10
0	0	10	10
0	0	10	10
0	0	10	10
0	0	10	10
0	0	10	10
0	0	10	10
0	0	10	10
0	0	10	10
0	0	10	10
0	0	10	10
0	0	10	10
0	0	10	10
0	0	10	10
0	0	10	10
0	0	10	10
0	0	10	10
0	0	10	10
0	0	10	10
0	0	10	10
0	0	10	10
0	0	10	10
0	0	10	10
0	0	10	10
0	0	10	10
0	0	10	10
0	0	10	10
0	0	10	10
0	0	10	10
0	0	10	10
0	0	10	10
0	0	10	10
0	0	10	10
0	0	10	10
0	0	10	10
0	0	10	10
0	0	10	10
0	0	10	10
0	0	10	10
0	0	10	10
0	0	10	10
0	0	10	10
0	0	10	10
0	0	10	10
0	0	10	10
0	0	10	10
0	0	10	10
0	0	10	10
0	0	10	10
0	0	10	10
0	0	10	10
0	0	10	10
0	0	10	10
0	0	10	10
0	0	10	10
0	0	10	10
0	0	10	10
0	0	10	10
0	0	10	10
0	0	10	10
0	0	10	10
0	0	10	10
0	0	10	10
0	0	10	10
0	0	10	10
0	0	10	10
0	0	10	10
0	0	10	10
0	0	10	10
0	0	10	10
0	0	10	10
0	0	10	10
0	0	10	10
0	0	10	10
0	0	10	10
0	0	10	10
0	0	10	10
0	0	10	10
0	0	10	10
0	0	10	10
0	0	10	10
0	0	10	10
0	0	10	10
0	0	10	10
0	0	10	10
