37	147	63	71
0	117	71	118
0	99	70	140
0	0	75	167
0	1	96	159
0	14	108	169
0	0	109	145
0	45	105	161
0	47	102	190
0	51	106	183
0	17	107	188
0	37	110	179
0	48	108	188
0	0	110	149
0	46	102	168
0	33	99	186
0	0	116	187
0	0	119	148
111	57	124	150
59	34	222	186
0	67	171	177
0	0	149	149
101	74	136	138
0	0	178	183
89	54	183	147
0	27	162	193
0	0	144	154
0	7	125	207
0	6	125	210
0	0	122	222
0	4	121	213
0	29	118	193
0	24	112	205
0	11	117	229
0	0	122	154
0	65	103	172
0	53	101	178
0	45	107	193
0	51	110	180
0	106	114	154
0	80	103	170
0	107	110	153
0	63	104	175
0	0	107	153
0	103	117	154
20	52	184	197
0	66	180	182
0	111	179	149
0	65	237	188
173	0	173	150
216	0	130	146
54	0	154	104
159	0	174	122
204	0	142	138
152	0	191	153
193	0	153	151
185	0	161	152
149	0	196	176
0	28	162	193
0	74	86	158
122	0	84	153
96	0	189	97
91	19	221	148
0	0	154	144
191	45	88	131
166	12	180	188
94	27	203	167
71	43	228	170
62	23	211	176
53	41	222	173
87	42	248	171
51	23	215	180
40	31	248	193
61	27	263	201
88	26	258	204
46	26	251	204
36	40	261	206
30	42	259	199
27	25	265	206
25	29	268	199
54	26	263	205
29	30	265	196
46	29	271	197
63	25	257	205
0	3	98	166
0	0	105	140
59	0	132	94
43	0	168	85
0	31	146	146
0	10	130	197
89	102	90	89
107	107	76	78
122	105	77	65
116	105	91	66
140	104	81	60
124	95	48	59
135	96	51	60
145	88	56	62
151	73	59	69
159	51	79	89
148	52	92	82
142	46	108	82
137	49	106	84
138	56	95	75
138	60	76	70
132	61	62	70
130	65	52	69
128	71	46	66
112	72	56	71
114	83	41	76
109	84	41	68
86	69	55	91
85	88	43	66
77	77	58	81
133	0	97	97
193	16	60	85
196	24	56	80
189	50	48	60
179	58	46	51
170	65	55	48
159	72	60	48
170	84	55	39
158	91	66	34
145	98	67	38
128	110	61	39
123	111	52	48
118	127	46	38
96	122	39	45
87	126	36	46
79	138	31	38
72	150	34	36
58	154	39	42
41	164	43	43
33	169	44	38
17	175	50	34
27	175	47	35
0	179	52	38
17	179	47	38
10	177	48	38
12	180	42	38
16	181	31	36
13	180	34	38
12	184	39	39
0	169	39	59
0	169	47	62
3	171	41	54
4	168	41	55
8	170	45	59
7	165	47	64
6	161	53	66
14	163	56	66
15	161	63	66
15	162	74	64
22	160	83	62
27	156	89	62
42	152	90	67
42	145	107	71
73	149	98	69
84	148	113	71
89	139	128	86
110	126	148	134
101	128	135	85
93	125	156	78
96	125	167	72
110	112	158	82
111	105	162	86
132	94	134	98
152	97	113	87
202	95	76	86
216	91	75	90
223	78	70	109
225	73	66	117
291	0	55	97
237	73	66	92
231	63	84	135
229	51	74	125
227	53	82	104
104	0	143	126
0	0	166	134
53	34	183	181
0	0	163	143
40	36	180	185
0	0	157	149
0	23	142	174
0	0	117	146
0	0	102	134
0	0	93	123
47	23	139	147
0	73	134	164
0	67	120	172
0	65	110	181
0	61	109	189
0	64	106	188
0	71	106	171
108	110	140	150
113	115	174	145
25	111	212	149
0	0	162	156
117	0	196	154
119	30	227	197
122	18	222	214
101	16	245	215
115	17	225	220
101	33	231	208
104	36	220	206
0	61	176	190
78	9	232	200
61	0	258	196
0	0	161	148
145	47	134	162
77	9	248	207
0	33	99	181
104	160	73	100
111	174	87	86
120	170	96	90
126	179	109	81
127	178	128	71
124	172	154	66
150	168	138	62
164	161	141	62
178	157	142	58
201	156	133	58
175	146	117	63
197	133	102	85
71	20	161	151
0	0	162	165
0	0	144	178
0	52	173	185
0	11	151	198
0	0	138	152
23	23	191	208
0	64	177	184
0	0	143	150
38	46	199	194
42	30	282	196
0	60	155	197
55	22	235	210
19	30	272	196
33	30	271	196
28	27	267	200
0	32	254	193
0	26	295	203
0	14	299	226
0	27	256	200
0	24	293	204
0	10	259	229
69	44	263	164
33	35	302	179
0	16	266	236
0	40	164	202
31	51	269	181
0	35	160	203
0	28	150	202
0	26	144	205
0	33	147	206
0	35	137	207
0	31	128	205
0	47	119	188
0	36	116	201
0	76	107	165
0	105	110	155
0	76	103	179
0	43	106	198
0	45	107	193
0	104	121	156
0	67	113	186
101	22	123	222
76	15	216	217
76	17	200	220
67	8	216	229
68	8	211	227
63	25	213	198
57	19	218	210
53	14	227	220
42	21	275	209
34	11	292	225
0	0	269	160
56	33	290	220
0	0	177	108
0	99	130	126
0	109	130	151
118	0	137	114
0	0	190	142
75	0	209	114
0	0	160	155
0	0	132	154
0	0	113	146
0	0	102	134
27	19	158	173
0	0	148	154
0	0	124	149
0	63	111	169
0	21	187	213
0	23	209	177
0	35	167	181
0	31	249	220
0	10	99	156
53	35	158	201
32	9	286	206
37	24	273	207
38	28	281	200
38	24	293	208
35	10	267	203
22	10	285	204
40	6	293	212
31	24	284	208
25	33	265	216
0	43	158	196
40	8	243	206
0	45	152	193
57	4	228	216
0	45	152	193
0	46	128	192
0	58	114	192
0	42	105	186
59	27	182	201
0	43	150	188
0	46	141	208
35	0	200	118
0	0	186	107
0	0	173	97
0	77	116	155
157	0	114	93
51	91	164	83
0	0	133	159
0	61	66	151
0	38	71	182
0	49	78	183
0	29	85	188
0	37	93	195
0	40	104	191
0	65	98	175
0	60	95	182
0	65	56	141
0	80	54	155
0	83	60	153
0	99	64	145
0	101	65	147
49	76	64	123
44	55	99	134
43	32	146	166
36	23	215	185
83	31	242	189
0	74	100	155
64	24	96	163
66	15	99	154
75	21	110	141
71	19	175	222
83	0	224	228
82	0	215	202
91	0	212	186
116	0	187	174
135	0	176	183
145	0	176	186
0	0	167	157
0	0	162	117
0	0	157	105
0	0	106	120
0	0	129	132
0	75	110	152
34	49	173	192
0	0	155	153
8	33	206	192
0	35	173	183
9	26	248	205
22	26	273	204
17	22	292	209
25	24	280	206
44	24	247	206
38	25	281	204
31	20	264	213
36	25	261	204
58	23	260	209
53	21	267	212
66	23	277	210
37	26	288	204
0	0	164	154
39	24	235	209
37	21	280	212
21	23	301	207
0	27	167	196
42	32	256	222
6	24	323	227
0	4	313	244
35	0	311	203
99	21	170	168
163	26	90	113
155	43	102	84
147	54	111	90
141	59	101	84
132	69	98	83
127	77	91	86
116	82	90	89
109	88	85	93
100	96	76	87
94	111	72	76
99	116	57	70
89	112	62	77
83	111	53	65
60	104	72	82
0	86	91	134
0	92	54	136
0	105	59	150
64	84	48	82
69	78	45	85
68	71	46	86
71	66	41	75
76	67	30	56
83	69	31	45
89	67	32	42
103	68	32	37
111	78	34	61
115	73	39	55
116	66	48	65
122	64	44	57
131	63	54	51
147	62	43	47
153	61	44	40
164	61	33	37
171	62	41	34
183	60	33	35
195	56	37	37
207	50	31	36
214	49	35	40
221	51	35	36
231	50	35	40
239	48	38	41
253	48	31	43
264	49	28	42
269	50	29	41
276	51	31	51
280	53	31	52
289	54	28	53
295	52	31	59
297	51	33	75
301	53	30	76
305	57	28	78
295	60	44	82
297	61	43	88
302	69	37	89
304	76	36	82
301	81	42	94
292	105	41	84
280	120	49	73
262	124	64	80
249	134	77	73
245	143	69	64
243	152	60	53
219	145	97	67
207	153	100	55
190	158	116	57
176	156	105	57
167	153	93	61
56	166	115	82
156	146	56	67
147	150	49	67
127	142	74	74
114	134	62	66
23	130	142	95
0	66	74	143
0	63	51	159
0	80	71	173
0	80	51	140
0	139	78	121
0	86	76	137
63	92	37	74
61	100	45	54
60	89	46	74
63	83	47	72
59	75	53	82
63	60	49	100
0	0	84	126
0	0	97	89
86	54	41	64
101	56	29	53
107	50	28	53
112	50	31	57
119	49	31	63
120	53	36	63
121	44	43	58
122	42	50	53
142	46	35	48
143	47	42	51
155	46	38	48
164	45	42	47
171	46	44	46
183	42	40	48
193	38	35	44
197	42	39	43
207	46	41	41
211	42	44	45
216	43	43	43
223	41	46	44
229	40	42	44
234	38	41	44
234	38	44	44
163	0	64	41
92	9	106	63
72	16	157	108
33	28	259	199
0	0	186	163
31	29	235	225
0	0	160	153
40	20	232	216
0	0	166	151
49	37	237	183
0	0	159	155
0	0	134	150
29	37	202	207
0	0	160	153
0	0	134	153
0	0	117	149
0	0	104	142
0	0	93	127
22	25	134	147
94	94	114	120
0	0	146	152
138	112	74	77
134	118	85	68
121	116	73	73
119	123	64	59
115	121	52	64
111	127	44	58
82	119	80	94
0	7	126	174
0	34	113	184
0	31	105	191
0	53	72	162
0	78	54	149
29	93	90	149
81	53	124	169
63	19	207	208
49	29	263	190
52	15	229	212
52	27	261	197
52	26	228	198
0	110	167	150
0	111	157	149
39	12	178	197
0	0	172	150
0	76	160	184
75	41	218	203
0	10	190	197
78	22	250	209
84	41	260	206
0	0	175	167
72	0	231	201
0	17	182	182
0	20	158	178
40	0	194	116
0	0	150	145
19	17	211	188
0	0	165	151
0	0	132	149
26	34	189	207
0	0	170	153
41	28	225	201
0	0	181	187
0	0	156	152
37	20	228	216
0	0	192	188
0	33	172	184
0	0	144	150
51	24	195	208
0	0	161	153
33	6	222	211
38	21	284	213
31	5	274	213
41	5	272	213
0	31	165	189
42	7	236	210
28	24	279	207
41	25	271	205
29	37	269	209
52	31	272	188
28	29	282	191
38	27	263	194
0	65	177	185
0	52	257	184
44	24	248	168
15	0	253	116
0	0	239	116
233	0	113	94
134	86	117	103
0	40	137	166
0	0	64	86
0	49	35	76
7	42	67	108
0	46	40	121
12	35	82	152
0	42	88	187
0	46	78	188
0	32	85	189
0	47	97	188
0	65	53	144
0	145	31	104
0	155	30	68
0	153	29	65
0	154	32	62
4	156	30	58
6	155	29	58
10	155	29	57
9	155	36	56
16	155	31	55
19	151	31	57
22	149	32	57
27	151	30	52
30	148	31	57
30	144	37	63
29	144	40	62
32	143	39	61
34	132	44	74
42	132	38	69
45	125	42	71
45	114	50	87
50	110	52	81
44	101	62	97
58	101	50	86
61	92	59	91
0	4	90	150
0	8	55	139
19	0	95	83
61	0	116	69
53	0	160	90
0	0	144	118
59	0	169	136
0	12	166	161
0	0	142	154
115	0	163	153
0	53	112	162
110	75	63	99
101	78	82	94
111	79	75	96
149	57	113	109
123	51	198	166
0	63	198	172
0	0	156	153
74	0	179	114
0	4	202	182
0	0	162	150
0	0	138	148
0	0	123	146
109	0	134	141
0	20	203	188
73	0	217	193
96	3	182	177
140	14	106	139
166	31	77	84
162	38	88	81
144	44	100	78
137	52	103	79
142	63	88	71
131	65	87	73
129	76	86	68
118	79	86	68
111	85	84	70
109	89	81	73
111	97	67	72
112	101	57	66
110	104	55	65
108	110	54	67
109	115	44	63
111	120	44	58
105	116	48	69
7	106	94	81
12	0	110	134
67	0	170	130
58	38	239	169
0	51	181	157
0	51	167	180
0	0	147	155
176	0	137	100
204	0	142	128
74	98	149	162
0	48	208	178
96	90	102	93
0	0	84	93
0	0	74	90
49	66	92	96
0	0	98	123
133	0	86	67
34	0	142	72
50	0	150	68
70	0	163	68
0	0	83	54
0	7	61	80
38	65	91	95
79	0	146	133
0	0	138	95
78	15	113	158
53	0	241	137
45	0	243	158
0	0	170	140
0	0	129	146
68	0	162	152
0	0	169	144
53	0	200	143
0	0	166	150
108	43	138	137
0	0	165	152
0	0	130	147
0	39	63	146
24	32	125	193
0	0	146	152
55	0	176	166
0	0	184	158
25	0	206	119
0	0	186	152
0	0	162	150
54	0	191	116
0	69	213	140
43	0	228	116
0	65	212	146
93	80	120	89
92	77	114	95
78	76	135	100
65	79	146	105
45	76	141	114
39	70	142	127
42	80	133	114
29	65	116	140
28	58	109	147
28	65	111	135
0	97	133	163
116	36	151	183
171	12	175	166
128	0	218	193
70	13	227	195
58	27	219	195
62	30	242	191
51	31	226	190
0	0	167	163
75	16	211	188
88	0	245	193
78	8	262	205
82	22	255	207
78	23	266	208
0	12	158	198
0	16	138	189
0	0	126	156
100	152	65	108
118	173	59	78
127	172	67	81
140	175	73	74
148	178	82	71
159	176	85	69
166	177	94	66
179	180	94	57
187	177	105	60
200	176	101	54
208	173	106	51
218	170	99	48
226	166	99	48
232	166	89	41
231	159	102	47
255	144	84	79
305	39	41	103
316	0	30	64
286	9	60	68
267	20	71	94
234	116	77	83
237	90	57	99
229	86	62	86
224	81	65	77
224	78	56	65
219	74	63	64
221	71	48	58
226	64	65	75
227	0	119	97
255	0	91	102
290	0	56	61
263	17	75	92
200	0	98	75
182	48	70	45
185	51	53	43
172	48	56	46
165	51	56	47
151	43	65	65
141	48	68	66
126	46	80	79
94	58	95	90
85	59	87	106
94	56	77	107
94	63	74	94
88	70	74	83
86	83	68	70
81	91	68	65
75	96	70	63
67	101	73	63
59	102	72	60
53	107	71	56
51	104	72	60
42	107	71	63
35	104	74	70
24	101	83	77
32	107	75	79
23	109	87	86
27	106	92	103
14	0	138	138
90	0	166	110
139	0	207	141
0	109	185	148
73	0	216	120
0	112	186	148
79	121	88	75
93	127	95	85
79	119	107	89
91	109	106	87
98	102	110	92
109	94	115	106
94	79	138	108
113	79	133	91
122	77	122	89
148	77	111	87
173	78	105	87
192	73	90	81
215	69	89	78
226	69	77	69
245	70	65	59
255	75	62	55
271	76	46	49
277	71	49	55
285	69	37	50
286	62	45	57
238	0	74	82
131	0	128	79
2	22	186	135
0	12	87	157
43	29	136	174
50	26	232	203
46	28	264	200
31	8	230	205
32	13	227	196
40	0	221	199
46	0	212	218
45	12	235	212
54	14	226	206
12	0	235	125
11	0	259	152
0	32	106	181
62	0	154	179
226	0	120	96
162	99	110	106
257	0	89	102
234	11	112	139
95	119	153	140
69	113	203	147
144	52	202	183
27	0	279	164
35	0	298	172
51	2	259	218
55	16	257	222
50	11	270	233
61	7	261	238
49	27	274	225
0	126	170	134
0	121	143	139
0	123	127	137
12	105	82	100
25	116	68	86
20	109	68	82
23	103	61	92
27	96	53	97
29	90	45	93
27	104	49	82
35	106	46	81
34	104	53	82
37	105	57	78
33	99	66	74
21	92	89	89
47	104	63	83
75	114	65	72
82	112	67	70
84	105	68	71
82	107	67	69
105	115	47	61
117	115	55	60
116	117	76	64
120	124	93	58
160	137	77	52
183	135	69	56
127	128	72	62
137	129	56	50
146	131	94	53
151	124	102	65
176	125	74	63
99	41	91	122
0	0	145	126
58	46	135	128
0	41	73	128
0	44	49	146
10	0	88	108
131	79	69	78
107	78	139	118
0	55	203	150
0	29	153	160
116	51	153	131
0	0	179	147
39	0	219	158
0	0	169	148
59	0	184	114
0	0	161	142
57	0	175	117
1	0	221	106
0	0	143	141
0	0	154	106
0	12	118	158
0	0	110	154
134	30	76	116
92	25	155	135
104	39	178	137
97	40	186	157
0	30	217	188
0	10	210	195
112	54	120	122
101	57	126	122
92	67	123	120
76	65	123	119
76	82	111	100
69	103	100	74
63	104	88	81
57	105	82	86
43	108	91	79
39	102	86	92
32	101	88	93
23	93	99	122
28	97	85	118
13	87	90	127
43	130	97	130
120	91	119	130
42	30	219	193
52	27	260	200
53	13	252	195
36	0	230	122
82	0	264	160
142	0	204	151
188	0	158	146
193	0	153	149
91	0	224	168
95	145	108	114
100	149	74	77
113	146	78	78
120	150	92	75
140	148	88	67
159	147	74	60
182	151	61	40
180	141	83	63
146	125	123	97
264	0	82	115
149	109	107	101
254	0	92	109
158	103	93	95
18	0	179	163
0	0	235	156
0	0	213	155
0	0	206	156
0	0	135	146
0	80	134	142
0	69	135	156
23	0	210	139
9	0	221	170
9	0	224	170
20	0	225	179
0	0	235	160
2	0	232	160
0	0	240	162
33	10	205	201
0	79	105	145
62	47	111	155
0	11	95	157
0	40	99	154
57	33	102	180
0	58	161	171
48	34	150	189
52	50	169	149
61	45	147	154
60	54	147	134
0	53	118	134
57	53	123	143
46	66	120	124
44	57	126	135
57	69	123	106
53	76	122	105
5	0	171	116
12	90	174	170
142	24	197	174
78	0	256	163
142	0	204	157
233	0	113	98
104	7	157	139
49	2	261	218
39	1	251	211
49	0	257	220
40	0	242	191
40	33	242	189
35	29	256	197
38	15	235	188
45	26	236	198
51	24	265	207
60	0	284	163
147	0	199	154
165	0	181	152
15	102	170	158
69	97	71	84
79	99	77	94
71	99	82	91
82	92	78	86
91	103	84	79
112	108	86	81
126	101	88	86
121	96	111	91
97	88	129	90
121	88	123	87
117	83	128	89
141	82	99	79
157	83	100	75
175	94	89	68
190	96	79	64
205	97	74	57
220	95	68	59
231	93	66	65
241	97	59	58
241	94	67	67
247	86	58	71
250	84	53	64
250	81	54	73
251	80	49	61
244	78	59	56
244	72	57	55
243	66	72	54
239	66	53	55
235	62	59	51
148	0	82	65
34	0	108	44
37	0	126	68
33	0	147	94
38	0	176	163
0	57	94	163
61	12	111	195
80	42	128	148
72	0	228	142
238	0	108	94
160	61	47	53
133	51	72	58
114	53	77	58
107	56	72	73
94	55	76	81
86	60	56	84
74	63	64	93
58	61	66	95
53	67	58	90
57	78	49	78
49	78	57	80
47	88	53	75
43	87	56	78
39	81	60	91
35	88	53	82
29	90	68	88
48	102	40	71
34	100	40	73
22	92	51	77
22	85	48	87
22	80	50	96
26	86	57	103
28	94	63	97
28	97	76	96
24	90	96	105
44	92	85	99
60	93	86	91
71	93	80	77
89	99	62	74
110	116	71	66
117	120	88	71
104	110	99	69
99	102	101	70
123	106	94	61
142	111	87	55
162	108	82	58
184	107	74	59
194	101	74	62
204	92	70	69
209	85	68	78
212	71	70	98
87	0	160	138
98	43	208	188
0	28	148	165
0	16	124	185
23	22	195	212
4	32	243	191
0	17	159	186
38	23	237	206
9	27	282	199
0	38	297	210
8	41	267	203
0	0	217	115
0	22	235	208
0	0	212	170
0	0	192	159
0	0	224	169
0	0	229	164
0	0	243	161
0	0	154	148
36	36	199	206
45	46	246	191
45	49	142	149
111	0	202	154
218	0	128	97
96	57	72	86
95	57	76	74
87	58	67	81
77	73	58	80
72	81	45	75
72	90	50	63
62	87	61	70
40	84	64	82
26	79	54	93
22	88	47	82
18	97	44	88
19	110	42	79
16	115	42	79
16	114	40	82
28	40	77	104
118	0	94	74
85	24	177	107
56	5	260	206
37	0	237	117
231	0	115	99
172	13	162	154
57	18	263	219
152	0	194	153
76	0	215	115
0	123	185	137
64	126	78	80
73	132	110	86
114	142	71	72
121	143	93	79
141	149	93	71
159	154	87	64
181	160	75	55
194	160	78	55
185	154	96	64
247	37	99	122
200	0	139	132
34	55	184	148
0	41	142	167
0	0	128	151
0	37	114	168
0	0	111	152
15	43	157	178
19	13	214	195
0	1	183	187
30	31	231	195
22	31	272	193
14	36	223	181
19	38	211	181
0	0	162	150
43	5	212	212
16	12	276	199
0	0	154	145
0	0	74	152
38	42	107	142
38	45	141	157
0	46	92	141
0	4	54	169
0	33	41	127
34	0	77	85
86	18	93	89
71	15	133	144
196	129	126	91
152	163	136	97
145	184	115	62
136	186	112	71
122	193	105	62
110	196	94	57
101	197	89	63
74	203	101	57
28	192	128	67
32	190	107	70
26	184	98	76
34	188	83	72
13	193	101	66
0	184	115	75
13	182	80	72
10	186	89	63
12	180	80	64
9	168	87	81
7	156	92	97
18	154	74	92
22	154	67	88
22	148	66	92
27	143	66	98
28	146	70	89
34	138	76	97
39	132	82	105
49	139	82	102
65	130	68	94
76	144	73	86
91	152	73	80
84	152	101	78
71	147	130	78
68	149	127	73
72	137	126	88
110	134	133	126
233	0	113	116
234	0	112	119
97	126	147	109
188	0	158	158
0	0	206	154
0	0	192	112
0	0	178	148
0	0	132	148
0	0	108	141
42	12	143	169
0	55	134	174
0	37	119	178
0	29	112	194
0	44	108	189
0	42	100	192
31	30	169	198
0	54	166	177
0	26	152	200
21	40	233	205
0	34	179	181
39	12	226	198
29	40	236	177
0	50	231	188
0	16	235	193
0	24	109	162
15	19	180	218
0	0	213	116
28	36	231	204
38	40	258	204
0	48	172	179
36	33	228	215
0	36	221	180
15	36	268	181
50	27	261	197
22	31	254	189
46	26	247	198
67	32	253	223
61	28	254	231
64	22	235	202
0	0	188	113
133	20	96	105
132	21	98	102
129	25	89	99
135	33	74	92
138	42	58	70
130	40	60	73
125	44	56	72
120	49	55	67
114	51	54	68
113	49	49	69
97	40	68	84
92	37	68	98
0	15	134	150
0	12	110	186
0	9	110	192
0	9	109	196
110	0	142	151
0	37	139	175
122	0	160	149
0	51	140	178
0	40	105	172
0	22	101	170
0	25	99	169
0	33	89	179
0	47	53	140
17	31	101	163
0	34	103	181
0	26	115	201
0	13	112	194
0	11	110	200
0	8	117	208
0	11	127	202
0	3	125	216
53	0	186	118
0	0	175	214
0	10	165	224
0	30	155	220
0	58	78	158
10	47	136	193
0	63	121	191
0	50	113	188
0	34	121	212
0	75	121	185
0	50	110	182
23	51	152	187
0	57	147	202
0	44	144	194
0	46	137	192
29	44	213	200
0	41	93	157
19	36	147	217
37	27	224	201
0	36	103	134
17	14	175	216
23	17	289	189
20	8	290	206
28	34	280	187
0	32	182	190
14	40	312	220
0	46	181	214
6	35	323	199
0	46	312	171
0	0	219	116
152	71	81	85
157	77	73	67
153	77	70	74
142	76	70	79
126	73	73	80
118	77	71	84
109	79	68	100
93	85	75	97
64	68	91	123
0	32	158	184
0	54	177	162
0	60	175	179
0	76	139	134
0	69	143	161
109	0	181	160
41	28	234	197
95	0	241	192
89	18	220	188
67	9	250	206
89	0	257	162
120	27	226	203
178	0	168	147
210	0	136	152
73	129	118	131
79	124	77	74
89	126	93	86
84	121	99	84
93	113	104	91
93	108	97	77
104	113	100	70
91	109	123	76
121	115	83	72
140	113	84	77
147	116	87	65
168	116	75	68
173	114	87	69
54	6	111	110
0	16	115	165
0	11	99	200
0	27	101	200
0	0	104	200
0	0	107	156
0	23	98	185
0	0	106	194
0	23	106	207
0	12	112	195
0	12	114	196
0	4	119	209
0	26	123	199
0	4	122	212
0	25	126	203
0	5	127	208
0	41	130	203
0	63	126	187
0	41	127	203
0	59	123	198
0	59	120	198
0	0	117	159
0	29	119	181
100	66	121	163
0	116	184	144
0	108	174	152
0	33	158	217
0	63	184	186
0	39	200	195
0	28	201	215
0	14	164	215
53	0	244	164
37	21	274	212
28	39	272	205
47	2	238	237
48	0	231	223
27	12	244	215
51	0	229	115
39	22	204	207
54	12	212	199
75	0	267	159
79	0	263	160
21	30	249	195
79	10	267	203
46	26	281	203
59	32	277	192
45	25	284	206
87	0	259	160
59	0	287	161
112	0	232	117
82	0	259	145
127	0	219	116
1	118	187	142
87	112	65	83
93	119	84	93
108	131	103	87
121	134	100	77
153	139	102	66
183	136	80	67
147	130	123	81
119	113	149	89
0	0	119	94
0	17	91	143
0	38	82	174
0	30	87	192
0	30	90	191
0	10	94	200
0	0	104	213
0	20	107	207
0	26	108	202
0	23	114	201
0	40	114	194
21	27	188	203
0	46	164	191
0	44	150	193
50	28	206	200
0	47	164	189
65	26	221	205
0	68	164	180
43	21	238	214
0	48	164	189
0	30	145	193
61	25	219	205
0	46	155	194
0	98	146	162
0	101	132	159
0	56	117	200
0	101	125	159
0	45	107	200
0	43	113	197
64	35	172	183
76	41	223	169
60	32	253	184
120	24	164	163
129	51	138	122
138	62	120	97
128	68	103	86
132	78	93	94
121	88	91	94
110	93	84	83
103	104	77	83
105	115	66	69
102	124	65	69
52	101	99	98
64	83	64	100
63	81	68	87
63	86	79	83
22	66	120	110
51	62	115	117
27	56	133	129
31	53	128	130
47	61	70	92
42	67	58	102
44	66	65	107
43	58	73	117
50	58	75	111
54	62	75	102
63	65	84	104
68	63	85	96
77	59	85	99
76	60	92	101
78	70	97	99
95	78	80	89
109	80	75	85
120	85	75	78
129	85	79	77
128	79	93	82
120	82	118	76
133	83	111	75
132	85	105	75
152	84	86	72
176	91	92	63
185	87	85	66
171	81	99	68
165	87	103	58
158	89	92	57
172	86	35	59
165	85	28	62
156	82	27	68
139	85	37	68
124	80	43	76
121	87	38	68
106	91	50	67
81	86	68	82
145	0	105	103
67	10	210	161
36	0	296	143
29	0	272	214
32	0	275	211
29	0	285	211
67	16	268	175
80	23	237	167
67	17	242	173
78	33	219	153
229	0	117	100
205	70	63	57
193	74	74	62
181	82	77	58
177	88	71	61
167	96	73	58
155	98	73	65
142	102	78	73
126	107	85	72
109	116	87	72
82	113	95	75
64	109	104	97
56	117	102	95
49	113	97	95
39	115	107	108
18	91	111	128
149	0	115	100
144	0	201	137
75	12	217	199
6	41	249	169
12	0	234	124
177	0	169	149
117	0	195	119
240	0	106	93
192	17	151	135
263	0	83	94
216	17	127	121
93	90	80	114
79	106	102	85
82	97	119	97
105	89	104	99
114	89	103	87
112	83	113	95
124	85	112	92
112	78	133	101
119	79	115	88
116	84	124	85
126	82	123	96
135	82	125	97
158	86	107	87
182	88	97	87
192	85	92	82
190	86	91	75
186	85	93	75
187	91	115	75
197	89	121	84
185	82	129	96
190	76	125	103
194	74	124	112
28	0	139	85
143	89	52	54
129	83	52	63
123	79	51	67
108	81	61	73
95	77	59	84
87	80	64	80
0	103	141	123
0	0	123	151
0	0	123	141
61	0	175	143
0	0	170	149
47	0	185	112
0	0	156	96
40	20	160	153
216	0	130	95
203	69	78	57
198	76	75	57
182	81	85	56
169	84	89	61
162	87	83	65
146	89	85	68
138	92	81	76
125	100	82	70
116	102	77	71
110	111	67	66
100	111	68	71
95	117	66	74
89	118	57	73
0	87	121	137
11	62	109	128
24	64	88	121
37	69	67	108
48	75	57	99
46	76	72	95
64	93	55	74
54	92	73	78
56	87	44	66
56	89	49	58
56	83	53	71
46	75	90	93
68	79	66	87
77	85	64	88
78	83	79	94
84	81	81	92
95	88	79	89
100	85	89	98
107	96	95	80
107	96	94	81
115	96	87	79
0	0	104	98
140	97	54	60
153	109	75	58
171	102	96	78
173	0	145	127
116	88	156	148
242	0	104	93
214	107	72	91
197	107	97	61
205	100	96	62
199	93	114	73
188	92	86	66
185	99	69	55
177	90	56	63
176	95	35	56
171	88	29	65
161	86	30	68
154	86	28	68
140	82	32	81
116	67	60	99
64	0	135	109
0	0	137	107
0	23	115	150
57	130	160	130
0	0	163	156
87	31	156	183
0	57	103	160
67	7	134	214
0	32	102	143
60	23	127	191
225	0	121	95
221	74	125	134
64	109	190	151
238	0	108	98
208	87	97	126
192	89	90	127
179	0	167	127
159	105	135	155
46	112	224	148
121	113	102	104
103	112	118	133
106	125	94	109
103	130	102	108
107	146	79	89
107	153	71	82
96	153	89	90
94	161	62	77
78	158	88	91
65	143	85	109
38	80	92	118
52	58	63	127
58	69	64	102
56	70	76	108
55	59	93	126
59	47	106	150
65	81	87	122
60	84	71	125
56	108	55	97
49	112	65	91
49	108	71	100
51	104	79	105
64	109	65	91
61	106	78	88
72	112	75	94
98	119	63	89
99	122	79	82
101	128	85	82
109	124	86	79
116	118	79	68
130	119	95	80
139	114	94	77
145	118	105	84
35	0	137	129
107	96	153	139
0	0	217	110
0	0	74	83
9	2	107	116
0	19	143	159
0	0	122	144
0	61	105	172
59	0	149	116
0	0	136	112
0	48	57	103
9	20	103	155
122	70	55	97
122	76	48	68
114	78	48	63
95	68	56	86
80	77	56	77
84	62	53	85
65	18	106	130
0	73	150	152
0	44	80	158
123	0	92	94
199	61	78	61
93	0	100	62
58	20	132	101
0	0	123	121
39	37	124	135
0	0	117	151
41	0	156	107
167	78	99	75
81	80	131	136
95	72	159	133
0	0	164	152
86	84	139	125
0	0	167	171
89	101	179	159
0	34	199	186
168	0	178	158
66	9	276	238
55	2	285	236
34	0	312	227
30	0	316	230
23	0	312	231
10	2	303	244
16	0	277	226
23	30	272	226
36	37	246	204
56	54	217	173
88	12	250	197
77	12	250	200
66	0	236	120
0	0	175	116
0	0	66	83
0	0	60	76
0	41	56	82
0	15	82	134
0	0	44	75
4	6	83	95
12	0	118	120
28	131	135	109
61	145	116	78
76	137	118	87
106	141	95	88
5	11	168	141
100	108	146	152
105	118	112	96
122	115	116	90
138	111	97	81
160	106	72	75
160	104	85	69
188	95	72	77
176	85	92	74
181	87	100	72
189	88	98	71
227	86	45	66
243	82	45	57
250	75	45	60
256	66	43	66
257	57	44	71
260	41	50	78
254	33	64	83
252	36	46	78
253	36	42	76
251	38	42	76
243	28	44	85
236	23	50	91
232	12	48	77
230	19	43	59
227	18	39	57
221	16	43	60
215	19	46	60
209	20	41	59
199	32	49	61
192	40	45	59
192	47	38	60
176	65	50	55
167	77	58	52
152	83	61	51
144	90	66	53
133	98	69	55
126	104	65	56
131	104	53	69
123	112	53	70
121	126	46	54
117	131	43	59
112	139	44	49
105	143	47	52
100	148	49	50
98	149	45	51
93	151	44	51
79	150	61	52
78	150	59	54
77	143	61	61
80	139	58	66
77	126	61	79
82	118	49	83
87	91	46	109
98	86	43	102
99	87	50	90
88	78	60	101
156	0	101	100
5	39	172	94
103	59	69	127
116	61	64	110
128	56	58	118
127	59	68	112
135	51	74	119
122	39	105	129
136	34	127	144
71	0	214	117
0	16	250	180
112	48	152	144
0	0	174	152
0	0	141	150
20	0	167	114
5	0	183	100
0	0	134	125
78	0	147	98
76	0	206	86
0	41	202	142
49	0	201	113
0	35	169	162
55	0	204	159
0	64	196	176
55	0	248	157
0	0	164	148
0	0	135	152
61	0	178	158
86	18	241	180
0	35	112	171
55	0	167	161
34	0	259	121
56	2	260	182
16	0	261	120
43	20	249	179
46	33	248	178
0	0	168	153
13	0	184	121
22	24	234	184
227	0	119	96
163	74	97	129
97	0	181	117
228	0	118	91
236	0	110	104
252	28	94	126
262	12	84	143
208	0	136	135
202	0	144	141
174	0	172	153
90	0	202	194
92	43	198	163
90	18	204	183
80	12	203	207
76	18	205	182
66	0	237	192
59	15	243	194
62	16	257	192
43	0	270	193
57	25	254	171
70	73	92	111
65	69	97	125
58	56	109	130
66	74	121	117
58	68	127	104
63	81	135	98
71	86	121	84
95	82	79	82
95	92	79	69
106	94	92	67
108	93	92	67
126	97	91	67
129	85	99	81
135	83	127	81
132	87	118	88
126	84	123	98
124	82	125	99
123	72	135	117
118	70	165	110
121	67	180	133
0	0	185	152
0	0	140	146
0	0	115	145
111	14	116	143
242	0	104	87
146	21	113	110
2	29	187	150
95	47	165	160
87	39	176	145
0	13	177	187
0	0	161	184
0	0	142	153
0	0	122	150
153	0	110	142
230	80	76	79
230	84	91	79
221	85	92	78
205	90	79	72
190	95	93	69
172	97	100	75
163	104	88	67
155	110	82	54
158	120	50	48
143	127	63	43
126	135	74	36
144	131	68	52
132	135	69	56
39	151	103	79
0	42	108	136
117	125	68	86
190	28	92	109
61	0	157	119
0	47	153	135
0	107	123	153
15	113	143	147
0	17	118	188
0	0	122	184
0	14	123	181
68	47	147	161
73	6	189	177
0	26	149	162
0	18	134	169
0	38	81	133
51	102	57	67
44	102	72	57
40	101	85	55
43	94	98	62
31	76	127	97
70	96	102	87
27	50	152	140
46	65	145	126
42	55	163	128
37	58	180	120
83	68	148	93
96	72	156	94
96	67	161	102
98	60	158	98
151	77	115	83
144	52	123	117
120	58	150	111
104	48	174	129
82	44	199	140
89	44	177	140
103	49	130	133
116	62	94	115
0	0	147	109
120	75	57	94
115	80	58	82
117	84	55	70
116	90	48	70
114	94	47	65
109	89	48	70
103	90	46	68
104	94	40	60
28	89	107	93
105	0	113	116
78	0	199	151
0	29	202	183
0	0	167	153
81	20	187	181
66	5	262	198
57	9	249	199
84	28	221	160
97	52	190	126
166	61	98	88
190	66	71	64
171	76	87	58
161	85	87	54
149	93	83	53
139	106	77	52
134	109	67	52
155	104	65	56
146	104	67	58
138	110	63	59
127	115	64	58
119	121	58	53
118	124	55	48
118	133	44	39
112	132	47	41
94	129	58	45
149	56	63	76
134	13	137	138
91	46	187	151
61	35	211	151
80	53	191	147
71	36	226	180
65	39	238	177
55	30	263	195
71	9	268	205
64	25	263	206
64	14	255	189
83	0	263	158
57	0	260	154
54	91	108	111
38	74	137	125
84	108	133	152
0	49	81	122
28	0	101	100
142	0	100	62
150	5	151	102
140	123	132	110
141	121	124	88
156	129	112	76
168	133	105	72
192	136	85	71
201	135	82	75
210	131	99	87
224	128	89	88
236	127	86	90
246	125	76	95
257	122	71	103
264	124	59	100
268	125	59	97
269	124	70	102
280	125	49	96
309	43	37	107
270	34	62	103
278	129	57	93
269	120	59	100
261	122	66	96
255	122	66	103
252	130	66	90
249	128	69	85
240	130	77	80
235	129	83	80
227	132	91	76
218	130	94	81
209	131	98	75
192	140	95	61
188	144	86	59
172	140	101	66
155	142	118	67
146	139	124	78
31	15	171	154
0	28	96	160
56	0	131	114
0	29	84	144
52	0	114	152
0	64	83	155
45	0	128	115
0	0	125	124
94	0	147	130
90	23	256	186
34	50	251	181
104	41	221	174
68	59	237	169
68	14	241	195
28	33	279	223
56	0	288	166
28	0	304	167
0	120	185	126
0	15	85	149
41	96	122	164
62	0	196	162
37	0	242	161
33	0	234	115
34	0	233	113
36	0	223	108
0	0	154	141
0	133	64	116
0	42	71	145
0	85	93	147
135	0	94	99
149	76	86	59
169	67	71	64
176	60	78	64
182	60	68	66
196	55	68	69
201	49	67	74
214	43	71	76
223	51	61	65
225	41	72	73
229	43	71	76
225	33	107	107
238	48	94	137
247	34	99	148
262	28	77	133
289	52	57	115
309	0	37	82
260	40	51	65
247	45	66	68
161	32	120	107
81	0	202	139
0	32	196	181
0	65	91	141
0	62	92	191
13	0	150	119
176	0	128	85
175	92	96	77
177	106	86	74
183	113	77	69
178	114	80	75
163	113	89	81
160	116	84	89
137	121	92	100
132	124	80	118
116	127	94	108
92	98	95	133
93	89	80	123
0	0	169	166
0	0	165	150
107	0	209	151
87	39	234	179
96	33	221	185
0	124	162	136
81	46	147	164
76	15	215	194
0	117	165	143
72	8	182	225
52	29	229	192
55	32	223	188
41	28	241	197
30	0	262	164
55	0	291	162
65	0	276	162
60	0	286	162
76	25	270	207
77	21	268	214
74	25	263	205
73	10	254	203
173	65	173	158
105	0	239	155
65	0	256	159
71	0	232	107
71	0	232	108
113	111	78	71
110	122	77	54
109	121	64	50
122	122	67	54
139	122	62	57
152	121	66	56
166	119	76	59
175	118	84	68
191	117	79	68
204	114	73	70
216	114	65	63
219	114	61	62
229	109	63	65
237	105	61	70
249	106	46	63
253	99	51	66
262	97	43	64
197	126	85	73
88	81	142	134
0	39	164	167
0	64	157	180
0	59	161	193
0	51	168	173
0	43	86	152
144	42	62	104
68	0	135	89
58	0	206	112
109	66	191	153
0	0	187	151
144	85	137	114
185	113	97	71
175	118	111	67
180	120	81	68
167	126	91	59
156	124	95	63
151	118	102	75
42	7	143	156
111	108	119	104
97	101	111	117
87	98	119	119
60	90	139	128
77	101	96	97
68	100	98	122
61	102	97	120
63	110	83	96
24	103	136	124
53	81	97	123
41	100	92	110
25	102	116	113
33	104	104	105
38	110	102	82
24	99	113	90
28	98	116	94
26	94	119	97
17	86	135	105
29	81	114	105
24	80	123	109
29	75	128	114
32	70	125	121
36	74	132	117
